(0, 747)
(1, 4257)
(1, 580)
(1, 5735)
(1, 7146)
(1, 2639)
(2, 562)
(2, 4154)
(2, 5179)
(3, 1728)
(3, 4560)
(3, 6503)
(3, 272)
(3, 4433)
(4, 5770)
(5, 5454)
(6, 4405)
(6, 1462)
(6, 7128)
(6, 3291)
(6, 167)
(7, 177)
(7, 6243)
(7, 7589)
(7, 2854)
(7, 428)
(8, 1686)
(9, 4481)
(9, 2660)
(9, 6053)
(9, 246)
(9, 3843)
(9, 6441)
(9, 366)
(10, 5489)
(11, 2412)
(12, 3807)
(13, 5385)
(13, 2789)
(13, 620)
(13, 2835)
(13, 3316)
(14, 5862)
(14, 2155)
(14, 6438)
(15, 4375)
(16, 4184)
(16, 5725)
(16, 5088)
(16, 38)
(16, 3699)
(16, 773)
(17, 1334)
(18, 3596)
(18, 7185)
(18, 2788)
(18, 3163)
(18, 3820)
(18, 4212)
(18, 7614)
(18, 4085)
(19, 2625)
(20, 2689)
(20, 1316)
(20, 4462)
(21, 3026)
(22, 5127)
(23, 4248)
(23, 646)
(24, 3643)
(25, 3544)
(26, 5345)
(27, 4066)
(27, 6339)
(28, 4900)
(29, 4626)
(30, 924)
(31, 1457)
(32, 4845)
(32, 4187)
(32, 1020)
(33, 5617)
(33, 6101)
(33, 3452)
(34, 4717)
(35, 6747)
(35, 5283)
(35, 4246)
(35, 2040)
(36, 719)
(37, 3991)
(38, 3794)
(39, 5095)
(40, 5564)
(41, 5414)
(42, 2647)
(43, 4681)
(44, 6234)
(45, 3912)
(45, 7537)
(46, 2442)
(47, 397)
(47, 6207)
(48, 1761)
(49, 3400)
(50, 4415)
(51, 7135)
(52, 6840)
(53, 1390)
(54, 2626)
(54, 5195)
(54, 2420)
(55, 5474)
(55, 1932)
(56, 2902)
(57, 7349)
(58, 3302)
(58, 2551)
(59, 1693)
(59, 2414)
(60, 4344)
(60, 6504)
(61, 1680)
(62, 4792)
(63, 4616)
(63, 4166)
(64, 4355)
(65, 2916)
(66, 5605)
(67, 2416)
(67, 7555)
(68, 5600)
(69, 6101)
(70, 2707)
(70, 900)
(71, 1611)
(71, 6147)
(72, 5966)
(73, 4091)
(73, 5308)
(73, 2205)
(74, 3035)
(75, 4217)
(75, 3855)
(76, 1830)
(77, 7536)
(78, 1642)
(78, 4587)
(78, 2332)
(79, 550)
(80, 666)
(80, 6171)
(81, 4353)
(81, 3218)
(81, 130)
(82, 2086)
(82, 3745)
(83, 5857)
(84, 1932)
(85, 4658)
(85, 3444)
(85, 5998)
(85, 5753)
(85, 6126)
(86, 149)
(87, 6115)
(88, 955)
(89, 6757)
(90, 2498)
(91, 313)
(92, 2475)
(93, 662)
(94, 6564)
(95, 5224)
(95, 3602)
(95, 7352)
(96, 4811)
(97, 3833)
(97, 3126)
(97, 652)
(98, 4225)
(98, 2077)
(99, 1795)
(100, 5361)
(101, 7010)
(102, 1495)
(102, 5433)
(103, 3715)
(104, 899)
(104, 1046)
(104, 5918)
(104, 1989)
(104, 6884)
(104, 2105)
(104, 955)
(104, 2943)
(105, 5581)
(106, 1327)
(107, 3450)
(107, 4227)
(108, 7574)
(108, 647)
(109, 6272)
(109, 1233)
(110, 2308)
(110, 6410)
(110, 2790)
(110, 485)
(111, 5961)
(111, 1621)
(112, 1571)
(112, 3381)
(112, 1497)
(112, 7385)
(113, 5402)
(114, 2848)
(115, 5653)
(116, 1624)
(117, 3800)
(117, 1412)
(117, 1750)
(118, 1464)
(119, 4000)
(120, 2276)
(120, 5078)
(121, 3330)
(121, 2948)
(121, 5270)
(121, 518)
(122, 6486)
(122, 4684)
(122, 4847)
(122, 7280)
(122, 2358)
(122, 3748)
(122, 1853)
(123, 5864)
(123, 6576)
(124, 2988)
(124, 4362)
(125, 2991)
(126, 700)
(127, 5454)
(128, 290)
(129, 1126)
(131, 3852)
(131, 4371)
(131, 5867)
(132, 6339)
(133, 4705)
(133, 6395)
(133, 1918)
(134, 652)
(135, 3042)
(135, 1988)
(135, 3269)
(135, 5977)
(136, 6857)
(136, 2186)
(136, 499)
(136, 657)
(136, 2466)
(136, 6388)
(136, 4919)
(137, 4785)
(138, 2603)
(139, 6664)
(139, 5449)
(139, 2675)
(139, 2645)
(140, 5632)
(140, 4839)
(140, 435)
(140, 6738)
(140, 7190)
(140, 3641)
(141, 212)
(142, 4100)
(143, 3520)
(144, 3098)
(144, 2555)
(144, 6511)
(145, 3133)
(146, 3555)
(146, 2759)
(147, 7336)
(148, 5578)
(149, 5443)
(149, 3590)
(149, 5578)
(149, 2627)
(149, 1054)
(149, 1043)
(149, 1254)
(149, 2300)
(149, 2451)
(150, 4847)
(151, 3056)
(151, 5712)
(152, 6712)
(153, 4392)
(154, 4042)
(155, 5624)
(155, 6192)
(155, 5792)
(155, 2974)
(156, 2548)
(157, 5062)
(158, 2232)
(158, 346)
(159, 7367)
(159, 1902)
(159, 399)
(160, 4880)
(161, 289)
(161, 2150)
(162, 1300)
(163, 4708)
(164, 2304)
(165, 5168)
(166, 1143)
(166, 6424)
(166, 2811)
(166, 4901)
(167, 5889)
(167, 2126)
(168, 3714)
(169, 4305)
(169, 6178)
(169, 3772)
(170, 4785)
(171, 6232)
(171, 1545)
(172, 4617)
(173, 4882)
(174, 5074)
(175, 5153)
(175, 3666)
(175, 491)
(175, 1773)
(175, 6590)
(175, 6061)
(176, 4248)
(177, 436)
(177, 1145)
(178, 7123)
(178, 854)
(179, 1834)
(179, 7340)
(179, 1309)
(180, 4257)
(181, 1557)
(182, 6524)
(183, 1180)
(183, 6941)
(184, 3142)
(184, 914)
(184, 6446)
(185, 6108)
(185, 1295)
(186, 6704)
(186, 1221)
(187, 2891)
(187, 4116)
(187, 2996)
(187, 6069)
(188, 6054)
(189, 4811)
(190, 6123)
(190, 860)
(190, 6085)
(191, 2083)
(192, 1549)
(192, 2229)
(193, 2475)
(194, 882)
(194, 6372)
(195, 713)
(196, 1544)
(197, 2532)
(198, 272)
(199, 4929)
(200, 7482)
(201, 7248)
(201, 3656)
(202, 5568)
(203, 5944)
(204, 6232)
(204, 5078)
(204, 2650)
(205, 6800)
(206, 5057)
(207, 5884)
(208, 1851)
(209, 3504)
(209, 319)
(210, 1577)
(211, 7301)
(211, 1945)
(212, 6022)
(212, 4871)
(212, 904)
(212, 6417)
(212, 936)
(212, 2217)
(212, 927)
(212, 1107)
(212, 7417)
(212, 1786)
(213, 834)
(213, 5725)
(213, 2864)
(213, 3815)
(213, 5108)
(213, 2170)
(214, 5762)
(214, 7021)
(215, 4611)
(216, 641)
(216, 5508)
(216, 840)
(216, 6416)
(217, 1000)
(218, 4696)
(218, 5922)
(218, 4250)
(219, 7352)
(220, 3807)
(221, 1409)
(221, 3295)
(221, 463)
(221, 787)
(221, 2426)
(221, 3184)
(221, 5425)
(221, 379)
(221, 1790)
(222, 3039)
(223, 5534)
(224, 3597)
(225, 6260)
(225, 4170)
(225, 988)
(225, 1055)
(226, 1859)
(226, 6696)
(226, 7342)
(226, 2236)
(227, 6613)
(228, 1297)
(228, 1327)
(228, 4189)
(228, 804)
(228, 1137)
(228, 4214)
(228, 1407)
(229, 4538)
(229, 2186)
(230, 6224)
(230, 1460)
(230, 5301)
(230, 277)
(231, 6970)
(232, 4163)
(232, 237)
(233, 5866)
(234, 4231)
(234, 2647)
(235, 2896)
(236, 5793)
(238, 1057)
(239, 3376)
(239, 5524)
(239, 3663)
(240, 1849)
(240, 5487)
(241, 5888)
(241, 7534)
(242, 6044)
(243, 6190)
(244, 1998)
(244, 345)
(244, 5019)
(244, 2042)
(244, 5370)
(244, 5151)
(245, 7135)
(247, 7483)
(248, 4944)
(249, 4052)
(250, 6195)
(251, 3538)
(252, 6958)
(252, 1937)
(253, 4263)
(253, 7303)
(253, 2781)
(253, 2303)
(254, 6179)
(255, 1891)
(256, 3325)
(257, 876)
(257, 3822)
(258, 2497)
(258, 1964)
(259, 672)
(259, 1506)
(260, 6112)
(260, 4275)
(260, 3189)
(261, 5370)
(262, 7357)
(263, 3481)
(264, 6323)
(265, 3259)
(266, 1956)
(266, 1292)
(267, 2903)
(268, 4041)
(268, 3750)
(269, 438)
(270, 5169)
(271, 6706)
(271, 5937)
(271, 2290)
(271, 1434)
(271, 3871)
(273, 3073)
(274, 7191)
(275, 3298)
(276, 4811)
(277, 660)
(278, 4275)
(279, 659)
(280, 6027)
(280, 5577)
(280, 347)
(281, 3597)
(282, 5329)
(282, 6730)
(282, 5643)
(283, 2781)
(283, 6571)
(283, 2804)
(284, 1387)
(284, 5788)
(285, 5251)
(285, 3531)
(285, 4848)
(285, 3311)
(285, 2800)
(285, 1907)
(285, 5814)
(286, 6797)
(287, 3210)
(287, 523)
(288, 1875)
(289, 5128)
(290, 6666)
(290, 3085)
(290, 5651)
(290, 2445)
(290, 2647)
(290, 5978)
(290, 5750)
(290, 378)
(290, 2714)
(290, 1244)
(290, 5853)
(290, 4843)
(290, 1260)
(290, 1009)
(291, 370)
(291, 5658)
(291, 2813)
(292, 5274)
(293, 6817)
(294, 2074)
(294, 6691)
(295, 5793)
(296, 3781)
(296, 2572)
(296, 6285)
(296, 1278)
(296, 7551)
(297, 3039)
(298, 3435)
(299, 4007)
(300, 2232)
(301, 4712)
(301, 1226)
(302, 6647)
(302, 5287)
(302, 4602)
(302, 365)
(303, 4279)
(304, 6017)
(305, 6034)
(305, 6829)
(306, 3460)
(306, 3992)
(306, 5610)
(306, 6845)
(307, 6991)
(308, 1944)
(308, 6115)
(308, 4719)
(309, 1952)
(309, 4276)
(310, 1529)
(311, 7171)
(311, 799)
(312, 760)
(313, 586)
(313, 4750)
(313, 2351)
(313, 5594)
(313, 1851)
(313, 7069)
(313, 2495)
(314, 4985)
(315, 4524)
(315, 7439)
(316, 5640)
(316, 7327)
(316, 7303)
(317, 6884)
(318, 4943)
(319, 3297)
(320, 7284)
(321, 7281)
(321, 3498)
(322, 3715)
(323, 3666)
(324, 7437)
(325, 2711)
(326, 6902)
(326, 2854)
(327, 3571)
(328, 6097)
(329, 4516)
(329, 4211)
(330, 1404)
(331, 5159)
(332, 725)
(333, 1784)
(333, 6129)
(334, 3544)
(335, 2912)
(335, 5218)
(335, 1233)
(335, 7083)
(335, 1207)
(335, 1980)
(336, 7117)
(336, 5501)
(337, 690)
(337, 2540)
(338, 7048)
(338, 1618)
(339, 3073)
(340, 3348)
(341, 6102)
(341, 3450)
(341, 2557)
(342, 5303)
(342, 1284)
(343, 4164)
(344, 1474)
(344, 1947)
(346, 7041)
(346, 2785)
(346, 4397)
(348, 3728)
(348, 4436)
(349, 4394)
(349, 2164)
(349, 6424)
(349, 719)
(350, 6498)
(350, 1932)
(351, 2241)
(351, 4485)
(352, 6410)
(353, 1551)
(354, 2011)
(355, 6918)
(355, 710)
(356, 3039)
(357, 4555)
(358, 7465)
(358, 2635)
(358, 6477)
(358, 1263)
(358, 1556)
(358, 4567)
(358, 756)
(359, 1849)
(360, 3047)
(360, 3240)
(361, 861)
(361, 6206)
(361, 431)
(362, 6419)
(363, 4785)
(364, 4377)
(364, 6649)
(367, 2767)
(367, 2186)
(367, 3709)
(368, 6859)
(368, 6446)
(369, 6775)
(369, 5486)
(371, 1386)
(371, 5414)
(372, 3584)
(373, 5665)
(374, 2913)
(374, 2820)
(374, 1700)
(374, 833)
(375, 3855)
(376, 634)
(377, 899)
(379, 7501)
(380, 3968)
(380, 7237)
(380, 2055)
(380, 3081)
(380, 6931)
(380, 7252)
(380, 6223)
(380, 1831)
(381, 1881)
(381, 7227)
(381, 998)
(381, 7334)
(381, 1706)
(381, 3005)
(382, 6129)
(383, 1132)
(384, 4456)
(385, 433)
(385, 4437)
(385, 5623)
(385, 2621)
(386, 1674)
(387, 5643)
(387, 7260)
(387, 6813)
(388, 7301)
(389, 998)
(390, 7224)
(391, 2513)
(391, 4785)
(392, 1376)
(392, 2823)
(392, 4419)
(393, 5063)
(394, 6162)
(394, 1414)
(395, 1495)
(396, 1600)
(396, 2066)
(398, 1861)
(399, 5827)
(400, 581)
(400, 3948)
(401, 6199)
(402, 4738)
(402, 6477)
(403, 4006)
(404, 2670)
(405, 6252)
(406, 3464)
(406, 7127)
(406, 3597)
(406, 5564)
(406, 6870)
(406, 2724)
(407, 4012)
(407, 7450)
(407, 5916)
(407, 3710)
(407, 3774)
(408, 4785)
(409, 4257)
(409, 615)
(409, 7052)
(409, 5194)
(409, 3453)
(409, 3581)
(409, 2810)
(410, 2485)
(410, 743)
(411, 686)
(412, 7008)
(412, 2765)
(413, 1486)
(414, 1704)
(414, 6059)
(415, 6390)
(415, 6186)
(416, 7521)
(417, 5944)
(418, 5642)
(418, 5653)
(418, 2677)
(418, 4606)
(419, 3571)
(420, 6595)
(420, 4843)
(420, 6891)
(421, 3039)
(421, 3651)
(422, 5851)
(422, 7076)
(422, 5755)
(423, 4155)
(424, 5984)
(424, 2439)
(425, 2340)
(426, 4930)
(426, 2001)
(426, 3530)
(426, 4359)
(426, 4692)
(426, 6170)
(427, 851)
(427, 763)
(427, 2876)
(429, 6820)
(429, 6661)
(429, 3430)
(429, 5289)
(429, 6964)
(429, 1305)
(430, 5962)
(432, 5988)
(433, 6624)
(433, 6349)
(433, 5434)
(434, 2896)
(437, 6965)
(437, 1445)
(438, 2433)
(439, 3356)
(439, 1677)
(440, 4098)
(440, 6898)
(440, 5384)
(440, 3977)
(440, 3314)
(440, 3767)
(440, 6460)
(441, 961)
(442, 5315)
(442, 2967)
(443, 7306)
(443, 4331)
(444, 2184)
(444, 3859)
(444, 612)
(444, 4588)
(445, 1303)
(446, 3400)
(446, 4122)
(447, 1812)
(448, 7045)
(449, 4284)
(450, 7021)
(451, 1372)
(452, 1164)
(452, 2992)
(452, 1521)
(452, 4341)
(452, 3321)
(452, 1338)
(453, 1057)
(454, 7028)
(454, 2902)
(455, 2913)
(456, 7078)
(457, 4069)
(458, 3889)
(459, 7328)
(460, 7066)
(460, 7335)
(461, 7182)
(462, 1032)
(462, 6617)
(464, 1371)
(464, 5626)
(464, 3840)
(464, 4799)
(465, 5416)
(465, 6613)
(465, 7272)
(465, 5854)
(466, 2488)
(467, 5600)
(468, 1381)
(468, 2412)
(468, 4574)
(469, 4064)
(469, 5097)
(469, 2186)
(469, 1389)
(470, 3341)
(471, 4636)
(471, 4511)
(471, 2017)
(471, 2985)
(471, 5118)
(472, 6888)
(473, 5788)
(473, 3108)
(473, 2725)
(473, 6695)
(473, 5694)
(473, 5312)
(473, 5079)
(473, 4967)
(473, 763)
(473, 6140)
(474, 3469)
(474, 4381)
(474, 1228)
(475, 1464)
(476, 5274)
(477, 745)
(477, 1767)
(478, 3755)
(479, 5673)
(480, 522)
(480, 4671)
(481, 5718)
(482, 4916)
(483, 2477)
(484, 832)
(484, 4206)
(484, 574)
(486, 4989)
(486, 926)
(487, 1923)
(487, 4766)
(487, 5000)
(487, 5529)
(487, 2298)
(487, 2146)
(487, 5298)
(488, 2946)
(488, 5769)
(488, 1678)
(488, 2858)
(488, 3756)
(488, 7344)
(488, 6193)
(488, 4479)
(489, 6316)
(490, 3708)
(492, 5218)
(492, 3467)
(493, 4732)
(494, 4232)
(494, 6459)
(495, 2422)
(496, 3711)
(497, 2820)
(498, 2225)
(498, 2798)
(500, 6803)
(501, 6233)
(502, 6519)
(503, 7379)
(503, 5079)
(504, 3342)
(504, 3698)
(505, 3103)
(506, 3181)
(507, 4795)
(508, 7156)
(508, 2854)
(509, 2692)
(510, 4257)
(511, 2413)
(512, 3182)
(513, 5331)
(513, 3107)
(513, 4183)
(514, 5700)
(514, 6103)
(515, 5897)
(515, 2004)
(515, 4346)
(516, 4593)
(517, 7558)
(517, 1400)
(517, 2603)
(518, 3665)
(518, 6905)
(519, 4098)
(519, 5639)
(519, 4844)
(520, 5128)
(520, 1737)
(521, 4320)
(521, 3940)
(521, 4711)
(521, 1960)
(522, 771)
(522, 4374)
(524, 3118)
(524, 2642)
(524, 7257)
(524, 4195)
(524, 614)
(524, 1639)
(524, 4716)
(524, 5761)
(524, 2696)
(524, 6290)
(524, 1186)
(524, 6321)
(524, 7354)
(524, 7360)
(524, 705)
(524, 3279)
(524, 4305)
(524, 4850)
(524, 5893)
(524, 2826)
(524, 6423)
(524, 3864)
(524, 4893)
(524, 4899)
(524, 4389)
(524, 4391)
(524, 813)
(524, 3377)
(524, 1417)
(524, 2885)
(524, 6993)
(524, 4434)
(524, 1876)
(524, 4315)
(524, 866)
(524, 4964)
(524, 3470)
(524, 2976)
(524, 1509)
(524, 3559)
(524, 3053)
(525, 1877)
(526, 3211)
(527, 5192)
(527, 5725)
(527, 1119)
(528, 7100)
(529, 1312)
(530, 4595)
(531, 2439)
(532, 1281)
(533, 7375)
(534, 7339)
(535, 540)
(536, 6234)
(536, 3262)
(537, 3042)
(537, 6746)
(537, 5839)
(538, 4657)
(538, 5993)
(538, 6770)
(538, 2120)
(539, 6101)
(539, 5383)
(540, 5560)
(540, 6577)
(540, 2926)
(540, 1608)
(540, 3407)
(541, 6171)
(541, 958)
(542, 1140)
(543, 3072)
(543, 2711)
(543, 2737)
(543, 6204)
(543, 2041)
(543, 6332)
(543, 810)
(543, 6720)
(544, 2510)
(545, 1423)
(546, 5734)
(547, 6104)
(547, 6377)
(548, 1001)
(549, 1054)
(550, 2208)
(550, 2229)
(550, 2899)
(550, 2519)
(551, 1942)
(552, 4754)
(553, 6354)
(553, 947)
(553, 7621)
(554, 4785)
(555, 7585)
(556, 5020)
(557, 2515)
(558, 1456)
(558, 3225)
(559, 6322)
(560, 5397)
(560, 6397)
(561, 4875)
(563, 7498)
(564, 6632)
(565, 5988)
(566, 3851)
(566, 4482)
(566, 5454)
(566, 3542)
(566, 2975)
(567, 3708)
(568, 2980)
(569, 3904)
(570, 582)
(571, 7009)
(571, 4089)
(572, 7199)
(573, 4576)
(573, 3507)
(575, 5004)
(575, 5303)
(576, 3450)
(576, 7453)
(577, 3903)
(578, 6644)
(579, 7228)
(582, 5921)
(582, 1636)
(582, 1190)
(583, 3181)
(584, 2753)
(584, 6341)
(585, 4505)
(587, 5580)
(588, 3530)
(589, 5564)
(590, 3866)
(590, 4348)
(591, 7031)
(592, 4616)
(593, 3584)
(594, 5741)
(594, 3385)
(594, 2906)
(595, 709)
(596, 6523)
(597, 5223)
(598, 3382)
(599, 957)
(599, 5095)
(599, 4954)
(600, 3584)
(600, 1344)
(600, 5188)
(601, 1462)
(602, 1795)
(602, 3844)
(602, 4581)
(602, 4647)
(602, 6600)
(602, 5129)
(602, 4205)
(602, 1585)
(602, 5219)
(603, 3643)
(603, 5253)
(604, 6004)
(605, 3039)
(606, 7586)
(606, 5972)
(607, 5676)
(608, 7482)
(609, 932)
(609, 3450)
(610, 758)
(611, 6899)
(611, 5190)
(611, 3839)
(611, 2589)
(612, 1292)
(612, 2864)
(612, 6129)
(612, 1493)
(613, 5609)
(613, 1698)
(613, 2566)
(615, 5965)
(616, 3888)
(617, 5386)
(618, 2361)
(618, 991)
(619, 5216)
(621, 1665)
(622, 3703)
(623, 3038)
(624, 3410)
(625, 4780)
(625, 3638)
(626, 1941)
(627, 4146)
(628, 3073)
(628, 6581)
(629, 1838)
(630, 643)
(630, 4484)
(630, 5707)
(630, 7119)
(630, 1230)
(630, 2830)
(630, 6372)
(630, 6309)
(630, 7019)
(630, 3887)
(630, 1045)
(631, 6832)
(632, 5819)
(632, 3615)
(633, 2591)
(634, 5785)
(634, 7147)
(634, 2910)
(634, 2447)
(635, 2784)
(635, 7588)
(635, 3478)
(635, 7245)
(636, 4704)
(637, 3529)
(638, 3873)
(639, 1618)
(640, 1937)
(640, 1699)
(641, 6038)
(641, 2182)
(642, 827)
(644, 7320)
(644, 2687)
(645, 2359)
(645, 3911)
(645, 6839)
(645, 7244)
(645, 1875)
(645, 2911)
(645, 5600)
(645, 4624)
(645, 7275)
(647, 5121)
(647, 7083)
(648, 1875)
(649, 4916)
(649, 1766)
(650, 5479)
(650, 4407)
(651, 2796)
(651, 7212)
(653, 4429)
(654, 5881)
(654, 3850)
(655, 848)
(655, 933)
(656, 5372)
(658, 2782)
(659, 2763)
(659, 2344)
(659, 6361)
(659, 1595)
(660, 7554)
(661, 7489)
(662, 5025)
(662, 3103)
(663, 5751)
(664, 2798)
(665, 1025)
(667, 7133)
(667, 6256)
(667, 4220)
(668, 1372)
(669, 3073)
(670, 6761)
(670, 1391)
(671, 1378)
(671, 5123)
(671, 2514)
(671, 5754)
(671, 4711)
(673, 2267)
(673, 835)
(673, 4213)
(674, 5669)
(674, 6351)
(674, 1171)
(674, 4356)
(675, 1641)
(676, 4785)
(677, 1229)
(678, 7480)
(679, 4428)
(679, 5180)
(680, 6316)
(681, 7414)
(682, 6755)
(683, 800)
(683, 6894)
(683, 1846)
(684, 3891)
(685, 3878)
(685, 3701)
(685, 1270)
(686, 1464)
(686, 5725)
(687, 1715)
(687, 5260)
(688, 1008)
(689, 3084)
(690, 2854)
(691, 3355)
(691, 4789)
(692, 4121)
(693, 5162)
(694, 4994)
(694, 3823)
(695, 7213)
(696, 5885)
(697, 1563)
(698, 5274)
(699, 7353)
(700, 3827)
(700, 3572)
(701, 6912)
(702, 2473)
(703, 5352)
(704, 1820)
(704, 6424)
(704, 2969)
(704, 6394)
(706, 3939)
(706, 888)
(706, 2744)
(706, 2013)
(706, 1534)
(707, 4919)
(708, 7300)
(708, 1253)
(708, 2754)
(708, 2873)
(708, 6293)
(709, 3905)
(709, 3226)
(709, 1852)
(710, 3935)
(710, 6619)
(710, 3038)
(710, 7295)
(711, 5034)
(711, 3450)
(711, 5534)
(712, 7365)
(713, 5854)
(714, 954)
(715, 2083)
(715, 4584)
(716, 3993)
(717, 5110)
(718, 1797)
(718, 1489)
(718, 2396)
(718, 4497)
(718, 2751)
(718, 6015)
(720, 3189)
(721, 4786)
(721, 5571)
(722, 5127)
(723, 1787)
(723, 4572)
(724, 3891)
(725, 5920)
(725, 961)
(725, 6888)
(725, 6699)
(726, 6746)
(727, 5909)
(728, 5636)
(728, 2995)
(728, 5943)
(728, 6635)
(729, 4756)
(729, 7383)
(730, 6897)
(730, 4820)
(730, 2094)
(730, 5161)
(731, 6547)
(732, 4312)
(732, 3206)
(733, 5426)
(733, 2854)
(734, 3855)
(735, 3073)
(735, 7419)
(736, 2541)
(736, 3086)
(736, 2773)
(737, 1329)
(738, 7489)
(738, 3013)
(738, 5081)
(739, 3392)
(739, 3286)
(740, 5539)
(740, 2285)
(741, 3597)
(742, 5370)
(742, 7380)
(743, 4809)
(743, 5730)
(743, 2847)
(744, 1318)
(744, 4941)
(746, 3223)
(747, 3683)
(747, 5892)
(748, 4441)
(748, 3907)
(748, 5262)
(749, 4611)
(750, 6378)
(750, 3855)
(751, 2845)
(751, 6654)
(752, 3584)
(753, 1774)
(754, 2603)
(755, 2762)
(755, 7501)
(757, 2924)
(757, 5899)
(757, 1948)
(757, 3741)
(758, 3360)
(759, 816)
(759, 4586)
(760, 2545)
(760, 3855)
(761, 4485)
(762, 4158)
(763, 1047)
(763, 6205)
(763, 3392)
(763, 3961)
(763, 6891)
(763, 4754)
(763, 2452)
(763, 3743)
(763, 5915)
(763, 2213)
(763, 4325)
(764, 5849)
(764, 4858)
(764, 1308)
(765, 4040)
(765, 2162)
(765, 1749)
(765, 3770)
(766, 3735)
(766, 2300)
(766, 1392)
(767, 3038)
(768, 5205)
(769, 3056)
(770, 1141)
(771, 5587)
(771, 6675)
(771, 1637)
(772, 6446)
(774, 794)
(774, 2492)
(775, 6289)
(775, 3466)
(775, 3077)
(776, 5801)
(776, 2347)
(777, 3092)
(777, 3237)
(778, 6022)
(778, 5285)
(778, 4902)
(779, 2744)
(779, 7602)
(780, 5691)
(781, 2599)
(782, 2414)
(783, 4693)
(784, 3324)
(785, 5850)
(785, 7335)
(785, 1276)
(785, 5834)
(785, 5927)
(786, 4448)
(786, 4341)
(788, 5845)
(789, 2510)
(790, 3314)
(791, 1808)
(792, 1622)
(792, 3094)
(793, 7123)
(794, 1791)
(795, 7480)
(795, 7431)
(796, 4414)
(797, 3117)
(798, 5212)
(798, 5342)
(798, 895)
(799, 2607)
(801, 3409)
(801, 1555)
(802, 7032)
(802, 1350)
(803, 6382)
(803, 5878)
(805, 7237)
(806, 1351)
(806, 6319)
(806, 6095)
(806, 6940)
(807, 2188)
(808, 4444)
(809, 4303)
(809, 1047)
(811, 6811)
(812, 7061)
(814, 1503)
(815, 3538)
(815, 1442)
(816, 6104)
(816, 1875)
(816, 2757)
(817, 1868)
(817, 2897)
(817, 6450)
(817, 1131)
(817, 5274)
(817, 2874)
(817, 2808)
(818, 6577)
(819, 5544)
(819, 3339)
(820, 6559)
(820, 4935)
(821, 7009)
(822, 2892)
(822, 3716)
(823, 3139)
(824, 7061)
(824, 2510)
(825, 6389)
(826, 3300)
(827, 3135)
(827, 4892)
(828, 7242)
(828, 5454)
(828, 1232)
(829, 2600)
(830, 1937)
(830, 5438)
(831, 3080)
(835, 2069)
(836, 3853)
(837, 1942)
(838, 3240)
(839, 1360)
(839, 3377)
(839, 5023)
(840, 1315)
(841, 5319)
(842, 4835)
(842, 2510)
(843, 1901)
(843, 1146)
(843, 3551)
(844, 7363)
(844, 4461)
(845, 4825)
(845, 1529)
(846, 2838)
(846, 2711)
(846, 4888)
(847, 5854)
(849, 4078)
(850, 7482)
(851, 3975)
(851, 1226)
(852, 3701)
(853, 5343)
(854, 1140)
(855, 4399)
(856, 7532)
(857, 5578)
(858, 2761)
(858, 2203)
(859, 4132)
(860, 7207)
(860, 7337)
(860, 6106)
(860, 5131)
(860, 4380)
(860, 1885)
(862, 7381)
(863, 5105)
(864, 2916)
(864, 7471)
(865, 4785)
(865, 3429)
(865, 6685)
(866, 5731)
(866, 3508)
(867, 3081)
(867, 1674)
(868, 3546)
(868, 4310)
(869, 6283)
(870, 3703)
(870, 1492)
(870, 4719)
(871, 5175)
(872, 4811)
(873, 3803)
(873, 6989)
(873, 3870)
(874, 6765)
(874, 3671)
(875, 5065)
(875, 1255)
(876, 4087)
(877, 2341)
(878, 2072)
(879, 7073)
(879, 905)
(879, 6538)
(880, 4129)
(880, 7058)
(881, 2113)
(881, 3444)
(881, 4635)
(881, 6796)
(882, 4093)
(883, 5105)
(883, 3818)
(883, 2916)
(884, 4452)
(885, 6217)
(885, 5047)
(886, 3269)
(887, 7339)
(889, 4080)
(889, 1617)
(889, 4948)
(889, 5217)
(889, 3530)
(890, 6206)
(891, 7199)
(892, 3062)
(893, 3528)
(894, 4000)
(894, 3157)
(894, 5526)
(894, 3420)
(894, 1566)
(894, 4350)
(894, 4309)
(895, 6465)
(896, 1849)
(897, 4432)
(897, 5478)
(897, 5110)
(897, 5276)
(897, 6670)
(898, 5796)
(898, 1903)
(898, 6449)
(898, 5243)
(899, 5020)
(901, 3538)
(901, 1683)
(902, 5640)
(903, 6331)
(903, 5949)
(903, 3718)
(905, 1395)
(906, 2488)
(907, 5115)
(907, 6652)
(908, 1862)
(908, 2734)
(909, 7202)
(910, 5927)
(911, 7032)
(911, 6163)
(912, 2571)
(913, 2680)
(915, 1563)
(916, 3173)
(917, 6194)
(918, 4019)
(919, 7595)
(920, 6101)
(921, 1059)
(922, 4364)
(923, 1800)
(923, 7284)
(924, 2644)
(924, 5854)
(925, 3000)
(925, 5314)
(925, 4020)
(926, 1182)
(928, 3317)
(928, 6262)
(928, 5706)
(928, 3263)
(929, 1681)
(929, 4785)
(929, 5865)
(930, 2368)
(930, 6016)
(931, 4124)
(932, 6791)
(933, 6154)
(933, 2473)
(933, 7600)
(933, 5128)
(934, 6639)
(935, 1121)
(935, 2854)
(936, 5203)
(936, 2605)
(937, 5274)
(937, 2348)
(938, 6220)
(938, 6263)
(939, 4785)
(940, 5231)
(941, 4085)
(941, 2919)
(942, 5631)
(942, 4212)
(943, 1107)
(944, 7012)
(944, 1653)
(944, 2798)
(945, 1133)
(945, 5610)
(945, 2831)
(946, 3175)
(948, 4457)
(949, 4433)
(950, 1682)
(950, 7028)
(950, 7063)
(951, 2434)
(951, 7430)
(951, 6555)
(951, 3108)
(951, 1067)
(951, 1779)
(951, 3397)
(951, 4809)
(951, 3537)
(951, 1760)
(951, 1381)
(951, 2476)
(952, 3346)
(953, 2807)
(954, 5266)
(954, 6250)
(955, 2472)
(956, 6417)
(958, 1783)
(958, 5646)
(958, 2705)
(958, 4753)
(958, 7079)
(958, 3883)
(959, 7496)
(959, 5245)
(959, 6093)
(960, 4000)
(961, 7448)
(961, 6938)
(961, 6314)
(962, 2691)
(963, 4259)
(964, 3873)
(965, 4339)
(965, 6325)
(966, 5580)
(967, 5578)
(968, 3822)
(968, 3507)
(968, 1486)
(969, 5643)
(970, 4460)
(971, 3584)
(972, 4206)
(972, 4880)
(973, 3330)
(974, 1328)
(975, 2039)
(976, 2658)
(976, 3880)
(976, 6530)
(976, 6399)
(977, 1466)
(977, 2755)
(978, 6474)
(978, 5181)
(979, 2983)
(980, 1022)
(980, 5939)
(980, 3998)
(981, 3530)
(981, 6058)
(982, 5496)
(982, 4163)
(982, 6638)
(983, 2257)
(983, 3165)
(984, 5608)
(984, 1897)
(984, 4178)
(985, 7552)
(985, 5448)
(985, 3711)
(985, 5604)
(985, 4630)
(985, 1016)
(985, 2745)
(985, 4410)
(986, 1563)
(987, 1684)
(988, 2363)
(989, 4384)
(989, 1813)
(989, 5592)
(989, 7482)
(989, 5611)
(990, 2408)
(992, 4262)
(993, 7362)
(994, 2160)
(995, 7488)
(996, 6562)
(997, 3396)
(997, 1690)
(997, 5248)
(997, 7021)
(997, 2750)
(998, 4612)
(998, 7047)
(998, 6255)
(998, 5178)
(998, 4717)
(998, 7014)
(998, 7215)
(998, 2160)
(998, 1745)
(999, 6074)
(1000, 4257)
(1000, 6629)
(1001, 2503)
(1001, 6291)
(1001, 5769)
(1001, 4618)
(1001, 5070)
(1002, 7606)
(1003, 2707)
(1004, 5063)
(1005, 1289)
(1005, 7131)
(1005, 5485)
(1005, 1161)
(1005, 1677)
(1005, 5463)
(1005, 5455)
(1005, 6126)
(1005, 5615)
(1006, 2476)
(1007, 5944)
(1008, 4330)
(1009, 1234)
(1009, 2611)
(1010, 3172)
(1010, 4341)
(1011, 2552)
(1011, 4521)
(1012, 2798)
(1013, 4284)
(1014, 5791)
(1014, 4474)
(1015, 1034)
(1015, 4044)
(1015, 5677)
(1016, 3103)
(1017, 1632)
(1017, 4132)
(1017, 6953)
(1017, 5674)
(1017, 6737)
(1018, 6140)
(1019, 1768)
(1019, 3681)
(1019, 4353)
(1020, 1569)
(1020, 3845)
(1021, 3873)
(1023, 6776)
(1023, 5659)
(1024, 4516)
(1025, 5324)
(1025, 2738)
(1025, 7388)
(1026, 3592)
(1026, 2429)
(1027, 1945)
(1027, 5721)
(1028, 1944)
(1029, 1506)
(1030, 5933)
(1031, 5370)
(1033, 7199)
(1035, 4399)
(1035, 1583)
(1036, 6977)
(1037, 4555)
(1038, 5703)
(1039, 1831)
(1039, 5320)
(1039, 3125)
(1040, 3683)
(1041, 2337)
(1041, 6026)
(1042, 1808)
(1043, 1558)
(1044, 6666)
(1048, 7488)
(1049, 1527)
(1049, 1837)
(1049, 3175)
(1050, 5354)
(1050, 3647)
(1051, 2337)
(1051, 4445)
(1052, 4261)
(1053, 6190)
(1055, 1929)
(1055, 5068)
(1055, 2730)
(1055, 6159)
(1056, 2663)
(1056, 3564)
(1056, 2998)
(1056, 2586)
(1057, 5444)
(1057, 5458)
(1057, 2793)
(1057, 2386)
(1057, 1604)
(1057, 4145)
(1057, 3260)
(1057, 2109)
(1058, 2562)
(1059, 2674)
(1059, 2711)
(1060, 3057)
(1060, 2510)
(1061, 6704)
(1062, 4811)
(1063, 4016)
(1063, 7501)
(1064, 3666)
(1065, 3290)
(1065, 3450)
(1066, 3363)
(1066, 7028)
(1067, 4760)
(1068, 7473)
(1068, 3130)
(1069, 1083)
(1070, 3584)
(1071, 5083)
(1072, 5006)
(1073, 1743)
(1074, 1838)
(1075, 1689)
(1076, 6496)
(1077, 2291)
(1077, 4916)
(1077, 5110)
(1078, 5624)
(1079, 2535)
(1080, 6377)
(1081, 1794)
(1082, 2381)
(1083, 7088)
(1083, 7326)
(1084, 2318)
(1085, 2159)
(1086, 5159)
(1087, 5672)
(1087, 7071)
(1088, 5882)
(1088, 6252)
(1088, 3343)
(1089, 3488)
(1089, 3792)
(1089, 4834)
(1089, 7509)
(1090, 4960)
(1091, 6495)
(1092, 3454)
(1093, 6593)
(1094, 3986)
(1094, 1204)
(1095, 1376)
(1096, 6741)
(1097, 2199)
(1098, 6771)
(1098, 4042)
(1098, 4619)
(1099, 5261)
(1100, 2823)
(1101, 1821)
(1102, 3303)
(1102, 4327)
(1102, 4589)
(1102, 1113)
(1102, 3962)
(1103, 6639)
(1104, 4469)
(1105, 5364)
(1106, 2854)
(1107, 4621)
(1107, 5838)
(1108, 2798)
(1109, 6477)
(1110, 4384)
(1111, 1891)
(1111, 6014)
(1112, 6408)
(1113, 7584)
(1113, 2334)
(1113, 3413)
(1114, 3042)
(1114, 3147)
(1115, 6860)
(1116, 6969)
(1117, 2141)
(1117, 7215)
(1118, 3273)
(1118, 7163)
(1120, 3022)
(1121, 5467)
(1121, 4828)
(1122, 5593)
(1123, 6608)
(1123, 6817)
(1124, 4811)
(1125, 7339)
(1126, 6165)
(1127, 5146)
(1127, 3708)
(1128, 4385)
(1128, 3796)
(1128, 6245)
(1129, 2734)
(1129, 6318)
(1129, 6521)
(1129, 2565)
(1130, 4442)
(1130, 3145)
(1130, 4508)
(1130, 1226)
(1131, 4036)
(1131, 4101)
(1131, 6888)
(1132, 1376)
(1132, 5931)
(1132, 2033)
(1132, 3696)
(1134, 1963)
(1135, 5048)
(1136, 3831)
(1136, 5454)
(1136, 7039)
(1137, 6022)
(1137, 6538)
(1137, 1200)
(1138, 1956)
(1139, 6690)
(1140, 3645)
(1141, 3391)
(1141, 7437)
(1141, 3038)
(1141, 7503)
(1142, 4452)
(1144, 4093)
(1146, 1570)
(1146, 3419)
(1146, 1812)
(1146, 2247)
(1146, 3434)
(1147, 4561)
(1147, 2616)
(1148, 7378)
(1149, 4666)
(1150, 3268)
(1150, 3726)
(1150, 3636)
(1150, 7225)
(1150, 5468)
(1150, 2281)
(1150, 5108)
(1151, 5857)
(1152, 6859)
(1153, 4873)
(1154, 4539)
(1154, 6958)
(1155, 7226)
(1155, 4030)
(1155, 6359)
(1156, 5612)
(1156, 3950)
(1157, 4121)
(1158, 4040)
(1158, 4634)
(1159, 6404)
(1159, 2691)
(1160, 5578)
(1162, 3450)
(1163, 4053)
(1163, 4975)
(1165, 5026)
(1165, 2473)
(1166, 2938)
(1166, 6858)
(1167, 4607)
(1168, 3073)
(1168, 1221)
(1168, 4081)
(1169, 5127)
(1170, 5097)
(1171, 4486)
(1172, 2958)
(1173, 6476)
(1174, 4338)
(1174, 4069)
(1175, 7010)
(1175, 7587)
(1176, 3561)
(1177, 2809)
(1178, 5489)
(1179, 1751)
(1179, 2234)
(1180, 3969)
(1180, 5825)
(1180, 6611)
(1180, 7546)
(1180, 5055)
(1181, 1271)
(1183, 4298)
(1184, 1893)
(1185, 7331)
(1187, 6350)
(1188, 5897)
(1189, 2080)
(1189, 3813)
(1191, 4121)
(1192, 3027)
(1192, 2901)
(1193, 2384)
(1194, 1794)
(1195, 2095)
(1196, 2337)
(1197, 3736)
(1197, 2510)
(1198, 6776)
(1199, 7488)
(1199, 1406)
(1201, 6025)
(1202, 3617)
(1202, 5450)
(1203, 2088)
(1203, 6262)
(1205, 3906)
(1205, 1213)
(1206, 4204)
(1207, 5501)
(1207, 2591)
(1208, 3130)
(1209, 3460)
(1210, 6805)
(1211, 5883)
(1212, 2168)
(1214, 7226)
(1214, 5111)
(1215, 2422)
(1216, 3520)
(1216, 4587)
(1216, 2993)
(1216, 3862)
(1217, 3589)
(1218, 3530)
(1218, 1383)
(1219, 7598)
(1219, 3023)
(1220, 7135)
(1220, 6551)
(1221, 1812)
(1221, 2937)
(1221, 4938)
(1221, 3646)
(1222, 2498)
(1222, 5158)
(1222, 2475)
(1222, 1621)
(1223, 2015)
(1223, 1320)
(1223, 4860)
(1224, 2289)
(1224, 2531)
(1224, 4399)
(1225, 4929)
(1225, 7163)
(1227, 5578)
(1228, 5872)
(1228, 5178)
(1228, 5962)
(1229, 6714)
(1229, 7255)
(1229, 2783)
(1230, 7573)
(1230, 4707)
(1231, 7565)
(1232, 2168)
(1233, 3515)
(1235, 1689)
(1236, 4960)
(1236, 7254)
(1237, 6696)
(1237, 4139)
(1238, 6272)
(1238, 4258)
(1239, 1996)
(1239, 3823)
(1240, 1522)
(1240, 3732)
(1241, 6338)
(1242, 6186)
(1243, 2291)
(1245, 2142)
(1246, 3873)
(1246, 4870)
(1247, 2887)
(1248, 7450)
(1249, 6907)
(1250, 3713)
(1250, 3148)
(1250, 3729)
(1250, 3925)
(1250, 7202)
(1250, 2812)
(1250, 4846)
(1250, 1459)
(1250, 6708)
(1251, 5580)
(1252, 2645)
(1256, 4536)
(1257, 7549)
(1258, 6865)
(1258, 2180)
(1259, 3750)
(1260, 1971)
(1261, 6378)
(1262, 5543)
(1262, 6480)
(1262, 3786)
(1262, 1471)
(1263, 1368)
(1263, 3965)
(1264, 6695)
(1265, 6084)
(1265, 5260)
(1265, 6284)
(1265, 5150)
(1266, 4356)
(1267, 1857)
(1267, 6603)
(1268, 1639)
(1269, 3084)
(1270, 6124)
(1271, 5579)
(1271, 4614)
(1271, 2313)
(1271, 3228)
(1271, 5168)
(1272, 4338)
(1272, 1524)
(1273, 4335)
(1274, 1334)
(1274, 1512)
(1274, 1321)
(1274, 6618)
(1275, 2854)
(1275, 2289)
(1277, 4316)
(1279, 2586)
(1280, 4610)
(1280, 7206)
(1280, 3568)
(1281, 3400)
(1282, 1616)
(1282, 4386)
(1283, 7482)
(1285, 7488)
(1285, 5202)
(1286, 4988)
(1287, 4183)
(1287, 6602)
(1288, 2504)
(1290, 6734)
(1291, 4720)
(1291, 1520)
(1291, 5029)
(1292, 5618)
(1292, 7428)
(1292, 2601)
(1292, 3034)
(1293, 6403)
(1293, 7187)
(1293, 6792)
(1293, 5033)
(1293, 3498)
(1294, 6941)
(1296, 6884)
(1296, 2430)
(1297, 6528)
(1298, 5936)
(1299, 3905)
(1300, 2962)
(1300, 5344)
(1300, 7397)
(1300, 1467)
(1300, 1738)
(1300, 7359)
(1301, 6929)
(1302, 7100)
(1303, 2872)
(1303, 4081)
(1304, 1701)
(1304, 2204)
(1304, 3503)
(1306, 3431)
(1307, 3792)
(1310, 4678)
(1310, 4452)
(1311, 3071)
(1312, 2497)
(1312, 5698)
(1312, 5507)
(1312, 5127)
(1312, 2376)
(1312, 1818)
(1312, 1744)
(1312, 1936)
(1312, 6946)
(1312, 3889)
(1312, 5225)
(1312, 5045)
(1312, 7175)
(1313, 5643)
(1314, 3872)
(1314, 2201)
(1316, 6851)
(1316, 2901)
(1316, 6756)
(1316, 7268)
(1316, 6519)
(1316, 4747)
(1317, 3956)
(1317, 4246)
(1319, 2318)
(1322, 2028)
(1323, 7320)
(1324, 2868)
(1325, 1575)
(1325, 3529)
(1325, 4748)
(1325, 1838)
(1325, 7442)
(1325, 7259)
(1326, 1919)
(1328, 3949)
(1328, 1523)
(1328, 4925)
(1328, 4702)
(1329, 6463)
(1330, 3070)
(1331, 1675)
(1332, 2132)
(1333, 1897)
(1334, 4461)
(1334, 7352)
(1334, 7226)
(1334, 1567)
(1335, 4671)
(1336, 4611)
(1337, 7237)
(1339, 3627)
(1339, 2854)
(1339, 6783)
(1340, 5670)
(1341, 2854)
(1342, 7482)
(1343, 3918)
(1344, 3120)
(1345, 6932)
(1345, 6145)
(1345, 7620)
(1345, 5594)
(1345, 4580)
(1346, 1668)
(1346, 7495)
(1346, 6973)
(1346, 3039)
(1347, 4040)
(1347, 2864)
(1348, 3219)
(1348, 7075)
(1348, 4900)
(1348, 5954)
(1349, 1905)
(1349, 6734)
(1349, 2676)
(1349, 4981)
(1349, 7416)
(1350, 3292)
(1352, 6478)
(1353, 3184)
(1354, 5011)
(1354, 6429)
(1355, 6256)
(1355, 5191)
(1355, 4564)
(1355, 5771)
(1355, 6447)
(1356, 1444)
(1357, 3959)
(1358, 3733)
(1359, 4955)
(1359, 3327)
(1361, 5396)
(1362, 7312)
(1362, 1795)
(1363, 5817)
(1364, 6259)
(1365, 3584)
(1366, 7500)
(1367, 5953)
(1367, 6707)
(1367, 3333)
(1369, 1376)
(1370, 4008)
(1372, 1838)
(1372, 3183)
(1372, 4219)
(1373, 3614)
(1374, 5753)
(1374, 3174)
(1375, 4785)
(1376, 2954)
(1376, 6029)
(1376, 5926)
(1376, 4775)
(1376, 1577)
(1376, 4011)
(1376, 4158)
(1376, 5323)
(1376, 3652)
(1376, 6390)
(1376, 3666)
(1376, 4563)
(1376, 2006)
(1376, 2140)
(1376, 4319)
(1376, 3686)
(1376, 4007)
(1377, 3725)
(1379, 4069)
(1380, 5714)
(1380, 7598)
(1381, 4759)
(1381, 5403)
(1381, 6326)
(1381, 6988)
(1382, 1519)
(1384, 5632)
(1384, 1538)
(1384, 2819)
(1384, 5894)
(1384, 5128)
(1384, 5517)
(1384, 5638)
(1384, 4762)
(1384, 5278)
(1384, 6431)
(1384, 4514)
(1384, 7462)
(1384, 5435)
(1384, 3530)
(1384, 4673)
(1384, 6722)
(1384, 3418)
(1384, 6889)
(1385, 5012)
(1385, 4063)
(1386, 7192)
(1388, 4832)
(1388, 3900)
(1388, 5599)
(1390, 3879)
(1391, 4028)
(1393, 6792)
(1393, 6142)
(1394, 3970)
(1396, 7081)
(1396, 5671)
(1396, 6190)
(1397, 6561)
(1397, 2239)
(1398, 6241)
(1399, 4719)
(1401, 6674)
(1401, 3059)
(1401, 6628)
(1401, 7582)
(1401, 6540)
(1401, 3149)
(1402, 7569)
(1403, 3578)
(1403, 4734)
(1404, 2988)
(1404, 4735)
(1405, 6022)
(1408, 6048)
(1408, 7572)
(1409, 2609)
(1410, 6745)
(1410, 2854)
(1410, 2913)
(1411, 1946)
(1413, 3324)
(1415, 7610)
(1416, 2912)
(1416, 4542)
(1418, 2661)
(1418, 2854)
(1419, 4597)
(1420, 2897)
(1421, 5549)
(1422, 7178)
(1423, 3153)
(1424, 2738)
(1425, 2384)
(1425, 3846)
(1425, 3517)
(1426, 6153)
(1426, 3324)
(1426, 6957)
(1427, 3345)
(1428, 2498)
(1429, 6408)
(1429, 4683)
(1430, 1506)
(1431, 5676)
(1432, 5723)
(1433, 7063)
(1434, 3307)
(1435, 2523)
(1436, 2337)
(1437, 4110)
(1438, 5127)
(1439, 7553)
(1439, 3238)
(1440, 2420)
(1441, 3711)
(1443, 5068)
(1444, 5328)
(1444, 4309)
(1446, 7585)
(1447, 5575)
(1447, 7064)
(1447, 3508)
(1448, 3056)
(1448, 3448)
(1449, 7100)
(1450, 7301)
(1451, 4785)
(1451, 6183)
(1452, 5578)
(1452, 5686)
(1453, 2368)
(1454, 2191)
(1454, 2007)
(1455, 1528)
(1455, 2761)
(1457, 4128)
(1457, 3008)
(1457, 4876)
(1457, 5226)
(1458, 1835)
(1461, 3909)
(1462, 3082)
(1463, 1528)
(1464, 2455)
(1464, 1498)
(1464, 4649)
(1464, 4907)
(1464, 4022)
(1464, 4803)
(1464, 6179)
(1464, 5135)
(1464, 4201)
(1465, 7248)
(1465, 2398)
(1467, 2516)
(1468, 1933)
(1468, 1776)
(1469, 2303)
(1470, 5465)
(1471, 6231)
(1472, 3462)
(1473, 4705)
(1474, 4228)
(1475, 5543)
(1476, 5679)
(1477, 2974)
(1478, 6949)
(1479, 3961)
(1480, 1776)
(1481, 3112)
(1482, 2207)
(1483, 7162)
(1484, 4940)
(1484, 6254)
(1485, 7447)
(1486, 6251)
(1486, 1919)
(1487, 1856)
(1488, 3584)
(1488, 7137)
(1488, 6533)
(1488, 4172)
(1488, 4156)
(1488, 1878)
(1488, 5818)
(1488, 7260)
(1488, 4282)
(1490, 4452)
(1491, 5488)
(1494, 5360)
(1495, 7527)
(1495, 4682)
(1495, 5319)
(1495, 1966)
(1496, 2060)
(1496, 1941)
(1497, 7165)
(1498, 5936)
(1498, 3301)
(1499, 3880)
(1499, 5085)
(1500, 4785)
(1501, 2625)
(1501, 7476)
(1502, 2977)
(1502, 5797)
(1503, 6345)
(1503, 3236)
(1503, 6481)
(1504, 4811)
(1505, 2994)
(1506, 2368)
(1506, 5640)
(1506, 2019)
(1506, 3554)
(1507, 5764)
(1507, 4645)
(1508, 3062)
(1508, 5527)
(1508, 3589)
(1509, 7106)
(1509, 7382)
(1509, 1627)
(1510, 3137)
(1511, 6296)
(1513, 4338)
(1514, 4444)
(1515, 4810)
(1516, 3085)
(1516, 1615)
(1517, 5817)
(1518, 5884)
(1519, 2408)
(1519, 2707)
(1522, 5817)
(1522, 4444)
(1523, 4663)
(1525, 1698)
(1526, 5319)
(1528, 5189)
(1529, 3746)
(1530, 6407)
(1531, 5170)
(1531, 3679)
(1532, 7490)
(1533, 2040)
(1533, 3837)
(1534, 2679)
(1535, 3569)
(1536, 4865)
(1536, 1636)
(1536, 6070)
(1537, 4800)
(1538, 1887)
(1539, 6256)
(1539, 6209)
(1539, 3759)
(1540, 4373)
(1541, 7237)
(1542, 5455)
(1543, 1802)
(1543, 4900)
(1543, 7130)
(1544, 7266)
(1544, 3107)
(1544, 6837)
(1544, 7129)
(1544, 6873)
(1544, 6364)
(1544, 6748)
(1546, 2515)
(1546, 7569)
(1546, 4726)
(1546, 2526)
(1547, 6361)
(1548, 1762)
(1549, 5871)
(1550, 6330)
(1551, 5138)
(1551, 5004)
(1551, 4699)
(1551, 2380)
(1551, 7279)
(1552, 6185)
(1553, 1603)
(1553, 3910)
(1553, 5964)
(1553, 2132)
(1553, 3210)
(1553, 7381)
(1554, 7362)
(1555, 1678)
(1555, 4883)
(1555, 4917)
(1555, 6343)
(1555, 5582)
(1555, 3669)
(1555, 3544)
(1555, 6141)
(1557, 3009)
(1557, 5101)
(1559, 5141)
(1559, 3130)
(1559, 5335)
(1560, 3336)
(1560, 2265)
(1560, 4860)
(1561, 6012)
(1562, 2848)
(1562, 7237)
(1562, 2942)
(1563, 1843)
(1563, 2198)
(1563, 3398)
(1563, 3225)
(1564, 2414)
(1565, 3708)
(1567, 4233)
(1568, 7200)
(1570, 2702)
(1570, 3631)
(1572, 6755)
(1573, 2244)
(1574, 3441)
(1574, 2693)
(1574, 1649)
(1576, 5763)
(1576, 2171)
(1576, 7070)
(1578, 3985)
(1579, 4811)
(1580, 7052)
(1581, 7504)
(1582, 6595)
(1584, 6433)
(1584, 1879)
(1585, 6901)
(1585, 5607)
(1586, 3571)
(1587, 5708)
(1587, 6461)
(1588, 4356)
(1589, 3856)
(1589, 3353)
(1590, 6388)
(1591, 3548)
(1592, 5800)
(1592, 4498)
(1593, 7540)
(1594, 7579)
(1595, 2223)
(1596, 6197)
(1597, 3932)
(1598, 5610)
(1599, 1642)
(1599, 6860)
(1600, 7477)
(1600, 4185)
(1601, 1865)
(1601, 1634)
(1602, 3127)
(1605, 3231)
(1606, 3272)
(1606, 2305)
(1606, 2941)
(1606, 5334)
(1607, 6611)
(1608, 3924)
(1608, 3029)
(1609, 7099)
(1609, 5779)
(1610, 2243)
(1610, 3460)
(1610, 7046)
(1610, 4054)
(1610, 3164)
(1610, 7162)
(1610, 4330)
(1611, 4737)
(1611, 6018)
(1611, 5077)
(1611, 3544)
(1611, 6698)
(1612, 7237)
(1613, 4900)
(1613, 2928)
(1614, 4611)
(1614, 6149)
(1614, 6008)
(1614, 1727)
(1615, 4067)
(1616, 2366)
(1618, 7044)
(1618, 6342)
(1618, 6197)
(1618, 6139)
(1618, 2366)
(1619, 5147)
(1620, 7199)
(1621, 6338)
(1622, 1671)
(1623, 4873)
(1624, 2347)
(1624, 5454)
(1625, 7408)
(1625, 1741)
(1626, 2986)
(1626, 2744)
(1626, 6267)
(1627, 7470)
(1628, 3718)
(1628, 5751)
(1629, 7266)
(1630, 5514)
(1631, 4453)
(1632, 4377)
(1632, 2685)
(1633, 2730)
(1633, 7468)
(1635, 3234)
(1635, 6411)
(1636, 6876)
(1636, 6207)
(1637, 4592)
(1637, 4338)
(1638, 7358)
(1638, 5951)
(1639, 4134)
(1639, 6716)
(1640, 1945)
(1641, 2338)
(1641, 7490)
(1642, 6925)
(1643, 5488)
(1643, 6365)
(1643, 4719)
(1644, 6946)
(1645, 1920)
(1645, 3395)
(1645, 3868)
(1645, 6405)
(1645, 2980)
(1646, 2440)
(1646, 2082)
(1647, 7591)
(1647, 2337)
(1648, 4811)
(1650, 3450)
(1651, 6519)
(1652, 2510)
(1654, 3520)
(1655, 4027)
(1655, 2047)
(1656, 4811)
(1657, 3345)
(1657, 3067)
(1658, 6807)
(1658, 3946)
(1658, 5168)
(1659, 5194)
(1660, 7361)
(1661, 3530)
(1662, 3256)
(1663, 6912)
(1664, 4034)
(1665, 5979)
(1665, 5307)
(1665, 2623)
(1665, 4350)
(1666, 2807)
(1667, 6906)
(1669, 3916)
(1670, 4725)
(1671, 2862)
(1671, 7472)
(1671, 1941)
(1671, 4986)
(1672, 6712)
(1673, 6924)
(1673, 7516)
(1674, 6090)
(1674, 4851)
(1674, 2670)
(1674, 2416)
(1674, 2682)
(1674, 2890)
(1674, 4021)
(1675, 5152)
(1676, 3795)
(1677, 3841)
(1677, 5149)
(1677, 2533)
(1677, 2295)
(1678, 2326)
(1678, 2522)
(1679, 5967)
(1680, 2802)
(1680, 2854)
(1684, 3584)
(1684, 2190)
(1685, 6672)
(1686, 2321)
(1686, 6490)
(1687, 2900)
(1688, 2470)
(1689, 4247)
(1689, 2110)
(1689, 5574)
(1689, 3937)
(1689, 3046)
(1689, 4456)
(1689, 5884)
(1691, 7335)
(1691, 1927)
(1691, 5005)
(1691, 2289)
(1692, 6120)
(1692, 6591)
(1693, 3317)
(1693, 6266)
(1693, 5215)
(1694, 4872)
(1694, 7314)
(1694, 5436)
(1694, 4002)
(1695, 4099)
(1696, 2624)
(1696, 6847)
(1697, 6022)
(1698, 6467)
(1698, 5700)
(1698, 4257)
(1698, 2532)
(1698, 3821)
(1698, 1774)
(1698, 4655)
(1698, 6385)
(1698, 3775)
(1698, 6463)
(1702, 4357)
(1703, 4811)
(1704, 3011)
(1704, 4009)
(1705, 2566)
(1706, 7532)
(1706, 4494)
(1706, 5362)
(1706, 5395)
(1707, 5117)
(1708, 3273)
(1709, 5884)
(1710, 3364)
(1710, 2599)
(1710, 7071)
(1711, 5210)
(1711, 5342)
(1712, 5912)
(1712, 5371)
(1713, 4079)
(1713, 4013)
(1713, 4620)
(1714, 6491)
(1714, 5229)
(1716, 7450)
(1717, 2298)
(1717, 5058)
(1718, 6200)
(1719, 4102)
(1720, 2207)
(1721, 3998)
(1721, 6329)
(1721, 5790)
(1721, 5577)
(1721, 5324)
(1721, 2007)
(1721, 6903)
(1721, 4088)
(1722, 2750)
(1723, 6537)
(1723, 4326)
(1724, 1938)
(1724, 4916)
(1724, 6360)
(1725, 3042)
(1725, 4955)
(1725, 4664)
(1725, 2250)
(1726, 2854)
(1727, 5605)
(1728, 4966)
(1728, 2013)
(1728, 5598)
(1729, 7584)
(1730, 7498)
(1731, 5468)
(1731, 1839)
(1732, 3070)
(1733, 3544)
(1734, 7008)
(1734, 2245)
(1734, 2613)
(1734, 5585)
(1734, 5268)
(1734, 4149)
(1734, 4249)
(1734, 4505)
(1734, 3325)
(1735, 6757)
(1736, 6960)
(1739, 4785)
(1740, 5653)
(1741, 6080)
(1741, 4181)
(1741, 4042)
(1741, 3052)
(1742, 6825)
(1743, 3264)
(1744, 4836)
(1746, 6300)
(1746, 2414)
(1747, 2371)
(1747, 7355)
(1748, 4811)
(1749, 5346)
(1752, 5493)
(1752, 4119)
(1753, 3530)
(1754, 4744)
(1755, 4886)
(1756, 6232)
(1756, 6022)
(1757, 4946)
(1758, 6134)
(1759, 2993)
(1761, 3152)
(1761, 4623)
(1761, 3250)
(1761, 2968)
(1762, 6994)
(1763, 4705)
(1763, 2059)
(1764, 3600)
(1765, 6101)
(1767, 3064)
(1767, 3243)
(1767, 3020)
(1767, 7458)
(1769, 5184)
(1769, 6795)
(1769, 7340)
(1770, 6378)
(1771, 7553)
(1771, 2354)
(1771, 6567)
(1771, 3112)
(1772, 4785)
(1775, 1995)
(1777, 7237)
(1778, 4794)
(1778, 5884)
(1780, 6101)
(1781, 2816)
(1782, 4503)
(1785, 4112)
(1785, 4811)
(1785, 3934)
(1787, 7359)
(1787, 3588)
(1788, 4257)
(1789, 2385)
(1792, 3847)
(1792, 4193)
(1792, 3809)
(1792, 4244)
(1793, 4999)
(1793, 2955)
(1793, 6693)
(1793, 3366)
(1794, 3557)
(1794, 5857)
(1794, 3390)
(1795, 4369)
(1795, 6564)
(1795, 2827)
(1795, 3891)
(1795, 5304)
(1795, 4805)
(1795, 4705)
(1795, 2777)
(1795, 7133)
(1795, 5470)
(1795, 5361)
(1795, 3570)
(1795, 7543)
(1795, 3322)
(1796, 7541)
(1796, 3660)
(1796, 5946)
(1796, 2284)
(1796, 6333)
(1798, 6838)
(1798, 2263)
(1798, 2892)
(1798, 2510)
(1799, 4248)
(1799, 7321)
(1799, 6968)
(1799, 7480)
(1799, 5351)
(1799, 3306)
(1800, 6797)
(1801, 6197)
(1801, 2341)
(1801, 6013)
(1803, 2881)
(1803, 6194)
(1804, 3080)
(1804, 4110)
(1804, 5095)
(1804, 4969)
(1804, 5292)
(1804, 2669)
(1804, 4594)
(1804, 2420)
(1804, 4472)
(1805, 4284)
(1806, 3038)
(1807, 4811)
(1808, 4000)
(1809, 5656)
(1810, 4785)
(1811, 4785)
(1812, 6929)
(1812, 7237)
(1812, 7071)
(1814, 6552)
(1814, 4977)
(1815, 4843)
(1816, 1897)
(1817, 5857)
(1817, 4770)
(1818, 2135)
(1819, 6441)
(1821, 5596)
(1821, 3948)
(1822, 2854)
(1823, 3356)
(1824, 4100)
(1824, 2541)
(1825, 4069)
(1825, 2590)
(1826, 7605)
(1826, 4798)
(1827, 6928)
(1828, 6641)
(1829, 6042)
(1829, 7223)
(1830, 5072)
(1830, 4037)
(1830, 2927)
(1830, 7216)
(1830, 2354)
(1830, 4819)
(1831, 4582)
(1832, 3313)
(1833, 5308)
(1834, 6347)
(1834, 4154)
(1835, 6944)
(1835, 6656)
(1835, 5896)
(1835, 4718)
(1835, 6484)
(1835, 4029)
(1835, 3390)
(1836, 2617)
(1836, 6068)
(1837, 6241)
(1838, 5854)
(1840, 2453)
(1840, 2645)
(1841, 4816)
(1842, 3440)
(1842, 3266)
(1842, 7189)
(1844, 6528)
(1844, 7551)
(1845, 2418)
(1846, 7171)
(1846, 1866)
(1846, 2131)
(1846, 6654)
(1847, 6728)
(1848, 2370)
(1848, 5443)
(1848, 5652)
(1848, 3300)
(1848, 2751)
(1849, 6766)
(1849, 5655)
(1849, 4932)
(1849, 4125)
(1849, 5534)
(1849, 5749)
(1849, 3019)
(1849, 4049)
(1849, 7145)
(1849, 2799)
(1849, 4216)
(1850, 6739)
(1850, 2015)
(1851, 4609)
(1851, 1959)
(1854, 3561)
(1854, 4698)
(1854, 3326)
(1855, 4280)
(1855, 7274)
(1856, 3116)
(1856, 3666)
(1856, 3639)
(1856, 4152)
(1857, 2361)
(1857, 3933)
(1858, 6344)
(1858, 7223)
(1859, 5567)
(1860, 7235)
(1861, 6369)
(1861, 6430)
(1862, 4837)
(1863, 6821)
(1863, 2326)
(1863, 4103)
(1864, 6232)
(1865, 5461)
(1867, 4456)
(1869, 4304)
(1870, 6428)
(1871, 2809)
(1871, 5753)
(1872, 4324)
(1872, 2217)
(1872, 2794)
(1872, 2882)
(1872, 3446)
(1872, 6729)
(1873, 5203)
(1873, 2853)
(1873, 7195)
(1874, 5347)
(1875, 4014)
(1875, 6671)
(1875, 4700)
(1875, 6003)
(1875, 1973)
(1877, 5369)
(1877, 4913)
(1879, 5578)
(1880, 6887)
(1882, 7553)
(1882, 3811)
(1882, 5492)
(1883, 7404)
(1883, 6863)
(1884, 2158)
(1885, 6830)
(1885, 5798)
(1886, 4900)
(1887, 5230)
(1887, 3987)
(1887, 1974)
(1887, 3921)
(1888, 5060)
(1889, 2028)
(1890, 6088)
(1890, 7212)
(1891, 2306)
(1891, 6665)
(1891, 6930)
(1891, 6507)
(1891, 2029)
(1892, 2056)
(1893, 3459)
(1893, 4125)
(1893, 3918)
(1894, 5956)
(1895, 2251)
(1896, 2960)
(1896, 4328)
(1896, 2021)
(1897, 7365)
(1897, 6775)
(1898, 5751)
(1898, 3450)
(1899, 4544)
(1899, 3629)
(1900, 4876)
(1901, 4094)
(1902, 2370)
(1902, 4931)
(1902, 2399)
(1902, 4668)
(1903, 4705)
(1903, 3749)
(1904, 3520)
(1904, 2664)
(1905, 3414)
(1906, 2544)
(1906, 6641)
(1908, 2844)
(1909, 4929)
(1910, 4612)
(1910, 6799)
(1911, 7072)
(1912, 4705)
(1913, 4115)
(1914, 5097)
(1915, 3881)
(1916, 4146)
(1917, 5960)
(1917, 3908)
(1917, 2023)
(1918, 5398)
(1919, 2424)
(1921, 3520)
(1921, 6597)
(1921, 3355)
(1922, 7096)
(1922, 6186)
(1924, 3251)
(1925, 6514)
(1925, 6794)
(1926, 7248)
(1928, 3949)
(1929, 3907)
(1929, 3193)
(1929, 4031)
(1930, 5981)
(1931, 4589)
(1932, 3943)
(1932, 4593)
(1932, 6677)
(1933, 3399)
(1934, 3056)
(1934, 2732)
(1935, 4241)
(1935, 2193)
(1937, 2577)
(1937, 6959)
(1937, 2884)
(1937, 2199)
(1937, 7319)
(1937, 1958)
(1937, 5578)
(1937, 6092)
(1937, 6818)
(1937, 6862)
(1937, 6616)
(1937, 2265)
(1938, 4168)
(1939, 6775)
(1940, 6952)
(1940, 7143)
(1940, 2813)
(1941, 2185)
(1942, 2588)
(1942, 6781)
(1942, 6158)
(1943, 4785)
(1943, 4388)
(1943, 2125)
(1945, 6788)
(1945, 3400)
(1945, 4532)
(1945, 1975)
(1945, 2507)
(1945, 3151)
(1945, 2256)
(1946, 3198)
(1946, 2290)
(1946, 5093)
(1947, 6912)
(1947, 5780)
(1947, 5904)
(1949, 6842)
(1950, 4169)
(1950, 2017)
(1951, 5807)
(1952, 4745)
(1953, 7482)
(1953, 3319)
(1954, 3757)
(1954, 7374)
(1955, 4633)
(1955, 4855)
(1956, 5689)
(1956, 5440)
(1956, 6734)
(1956, 4280)
(1957, 3857)
(1958, 3562)
(1960, 5832)
(1960, 6378)
(1961, 3642)
(1962, 5785)
(1963, 5105)
(1963, 5106)
(1964, 2671)
(1965, 4785)
(1967, 2648)
(1968, 6601)
(1968, 3156)
(1968, 6950)
(1968, 6615)
(1969, 2594)
(1970, 5370)
(1972, 6419)
(1972, 5614)
(1973, 1986)
(1973, 2117)
(1973, 6831)
(1973, 7074)
(1973, 3620)
(1976, 5854)
(1977, 5991)
(1978, 7587)
(1979, 4923)
(1979, 4811)
(1981, 4893)
(1982, 3768)
(1982, 7289)
(1982, 6906)
(1982, 6043)
(1982, 2892)
(1983, 6436)
(1984, 7370)
(1985, 2983)
(1987, 3920)
(1989, 6253)
(1990, 3829)
(1991, 4032)
(1991, 7038)
(1992, 5507)
(1993, 5335)
(1994, 2821)
(1995, 2018)
(1995, 2510)
(1995, 3255)
(1997, 3677)
(1999, 4955)
(2000, 3813)
(2002, 6310)
(2003, 3158)
(2004, 7078)
(2004, 6631)
(2005, 7028)
(2008, 2761)
(2008, 3224)
(2008, 2197)
(2008, 5049)
(2008, 2510)
(2009, 6815)
(2010, 5024)
(2011, 6322)
(2011, 6698)
(2012, 4109)
(2013, 3393)
(2013, 2107)
(2014, 3597)
(2014, 6031)
(2014, 3405)
(2014, 4055)
(2015, 3591)
(2015, 7141)
(2016, 6882)
(2017, 4715)
(2019, 2879)
(2019, 4367)
(2020, 3031)
(2020, 7193)
(2020, 4024)
(2020, 6329)
(2021, 3780)
(2021, 2122)
(2022, 2920)
(2022, 6617)
(2023, 6769)
(2023, 6355)
(2023, 5012)
(2023, 2854)
(2023, 2622)
(2024, 6496)
(2024, 3130)
(2025, 4384)
(2026, 2761)
(2027, 4811)
(2028, 7421)
(2028, 3945)
(2028, 7498)
(2028, 6097)
(2028, 4991)
(2029, 7179)
(2029, 7237)
(2029, 5209)
(2030, 2067)
(2030, 2854)
(2030, 4039)
(2031, 7237)
(2031, 4721)
(2031, 7250)
(2032, 7317)
(2034, 4763)
(2035, 7188)
(2036, 3040)
(2036, 3430)
(2037, 5988)
(2037, 3324)
(2038, 4811)
(2039, 3345)
(2039, 2328)
(2039, 2211)
(2040, 5471)
(2042, 7521)
(2043, 7538)
(2043, 3764)
(2044, 6001)
(2045, 4246)
(2045, 3096)
(2046, 5060)
(2047, 3264)
(2048, 5250)
(2049, 5268)
(2049, 3276)
(2050, 2680)
(2050, 7170)
(2051, 4318)
(2052, 6384)
(2052, 2827)
(2053, 4886)
(2053, 3615)
(2054, 4356)
(2055, 5950)
(2056, 6282)
(2056, 6411)
(2057, 6757)
(2058, 6900)
(2058, 2645)
(2058, 7176)
(2058, 5725)
(2060, 4852)
(2060, 4785)
(2061, 6427)
(2061, 4676)
(2061, 6991)
(2062, 3344)
(2063, 6465)
(2064, 7362)
(2065, 3538)
(2065, 3650)
(2066, 7604)
(2066, 2998)
(2066, 3927)
(2067, 6760)
(2067, 3527)
(2068, 5858)
(2068, 5268)
(2069, 3550)
(2070, 7460)
(2071, 4875)
(2072, 2097)
(2072, 6794)
(2073, 7017)
(2073, 4669)
(2073, 2142)
(2074, 5856)
(2075, 4785)
(2076, 2918)
(2077, 3114)
(2078, 3705)
(2079, 7580)
(2080, 6524)
(2081, 2996)
(2083, 3594)
(2083, 5402)
(2083, 3108)
(2083, 4404)
(2083, 7460)
(2083, 5370)
(2084, 4145)
(2085, 2790)
(2086, 6536)
(2086, 4777)
(2087, 4785)
(2088, 4868)
(2089, 7517)
(2089, 2231)
(2090, 6090)
(2091, 4336)
(2091, 5377)
(2091, 2930)
(2091, 2304)
(2092, 4811)
(2093, 7488)
(2094, 6633)
(2095, 3543)
(2096, 3214)
(2096, 4008)
(2096, 3672)
(2096, 3798)
(2096, 6877)
(2096, 4903)
(2096, 6323)
(2096, 6074)
(2098, 2705)
(2099, 6330)
(2099, 4453)
(2100, 7237)
(2101, 3469)
(2102, 5047)
(2103, 5267)
(2104, 4562)
(2106, 4811)
(2108, 6809)
(2111, 7248)
(2112, 6994)
(2112, 6116)
(2114, 6407)
(2115, 5461)
(2116, 5201)
(2117, 3101)
(2118, 6428)
(2119, 7079)
(2121, 5673)
(2122, 6052)
(2122, 3110)
(2122, 5233)
(2122, 7158)
(2122, 6200)
(2122, 3898)
(2122, 7612)
(2123, 4476)
(2123, 5260)
(2124, 6133)
(2124, 5930)
(2124, 2205)
(2125, 5860)
(2127, 3454)
(2128, 7314)
(2128, 7199)
(2129, 2926)
(2130, 5857)
(2132, 3519)
(2133, 2603)
(2134, 3857)
(2134, 7121)
(2134, 3469)
(2136, 3920)
(2137, 3154)
(2137, 5462)
(2138, 5933)
(2139, 5604)
(2140, 3456)
(2140, 4194)
(2140, 2148)
(2140, 6822)
(2140, 5480)
(2140, 5464)
(2141, 7562)
(2142, 2337)
(2142, 2779)
(2143, 6019)
(2143, 3944)
(2143, 4873)
(2144, 3086)
(2145, 4236)
(2145, 3536)
(2145, 4246)
(2145, 5918)
(2147, 6101)
(2149, 4981)
(2149, 4826)
(2149, 3614)
(2151, 6048)
(2151, 7425)
(2151, 7253)
(2152, 2391)
(2153, 2422)
(2154, 6725)
(2156, 4671)
(2157, 5549)
(2157, 2288)
(2158, 3130)
(2158, 5053)
(2159, 4352)
(2159, 3588)
(2160, 2944)
(2160, 6406)
(2160, 6587)
(2160, 7230)
(2160, 4544)
(2160, 3920)
(2160, 3282)
(2161, 2236)
(2163, 3985)
(2163, 5595)
(2163, 4077)
(2165, 5346)
(2166, 4381)
(2167, 5807)
(2169, 2989)
(2172, 3615)
(2173, 2361)
(2174, 5823)
(2175, 6040)
(2176, 3677)
(2177, 6101)
(2177, 5432)
(2178, 2854)
(2179, 7357)
(2180, 4785)
(2180, 6276)
(2180, 2756)
(2181, 7600)
(2183, 4162)
(2183, 4723)
(2183, 5463)
(2186, 3205)
(2186, 5944)
(2186, 2361)
(2186, 2373)
(2186, 5090)
(2186, 2403)
(2187, 5578)
(2188, 2657)
(2188, 2805)
(2189, 2803)
(2189, 6116)
(2190, 7135)
(2192, 5505)
(2192, 4595)
(2192, 4998)
(2192, 7267)
(2193, 6202)
(2193, 6637)
(2194, 7464)
(2194, 3605)
(2195, 3136)
(2195, 3640)
(2196, 3425)
(2196, 4257)
(2197, 2204)
(2197, 5212)
(2200, 4864)
(2200, 6185)
(2200, 2379)
(2201, 4312)
(2201, 5147)
(2201, 3044)
(2201, 3367)
(2201, 6707)
(2201, 3701)
(2202, 5294)
(2206, 3701)
(2207, 4520)
(2207, 3594)
(2207, 3211)
(2208, 7440)
(2209, 5680)
(2210, 5012)
(2212, 5962)
(2213, 5813)
(2213, 3704)
(2214, 6349)
(2215, 4225)
(2216, 2992)
(2216, 3552)
(2216, 2654)
(2217, 6216)
(2217, 4906)
(2217, 4474)
(2217, 2234)
(2217, 5722)
(2217, 2458)
(2218, 4356)
(2219, 4908)
(2220, 5607)
(2221, 6753)
(2221, 6343)
(2222, 5343)
(2224, 3667)
(2226, 4375)
(2227, 2532)
(2228, 6235)
(2229, 4517)
(2229, 5162)
(2229, 3270)
(2229, 5095)
(2229, 3817)
(2229, 6776)
(2229, 4985)
(2230, 6350)
(2232, 4060)
(2232, 6564)
(2233, 3760)
(2233, 4785)
(2234, 7592)
(2234, 4746)
(2234, 2289)
(2234, 3096)
(2235, 6441)
(2237, 4218)
(2237, 2707)
(2238, 2316)
(2238, 4468)
(2238, 6391)
(2238, 5944)
(2239, 5264)
(2239, 2742)
(2239, 6120)
(2239, 3170)
(2240, 3528)
(2240, 3351)
(2241, 3661)
(2242, 3205)
(2244, 4512)
(2244, 2502)
(2244, 5051)
(2246, 3620)
(2247, 6676)
(2248, 5314)
(2249, 6096)
(2251, 7341)
(2251, 4719)
(2252, 2456)
(2252, 3912)
(2253, 6328)
(2253, 3885)
(2254, 3808)
(2254, 7237)
(2254, 4894)
(2255, 3723)
(2255, 2757)
(2258, 2557)
(2259, 7245)
(2259, 4785)
(2259, 4340)
(2260, 4274)
(2260, 2996)
(2260, 2751)
(2261, 6674)
(2262, 4459)
(2262, 6792)
(2262, 3882)
(2264, 7615)
(2265, 4293)
(2265, 4875)
(2265, 2790)
(2265, 4904)
(2265, 3056)
(2265, 5172)
(2266, 7257)
(2267, 4315)
(2268, 4811)
(2269, 4186)
(2270, 4570)
(2271, 2532)
(2271, 5043)
(2271, 4731)
(2272, 3520)
(2273, 3151)
(2274, 5377)
(2275, 3450)
(2275, 5663)
(2277, 4392)
(2277, 6186)
(2278, 3845)
(2279, 5628)
(2280, 2437)
(2280, 5489)
(2280, 2488)
(2282, 4811)
(2283, 5665)
(2286, 4086)
(2287, 5986)
(2289, 2947)
(2289, 5293)
(2289, 7229)
(2289, 6592)
(2289, 3816)
(2289, 3304)
(2289, 3951)
(2289, 4338)
(2290, 2494)
(2292, 2504)
(2293, 3790)
(2294, 3412)
(2296, 6914)
(2297, 4811)
(2298, 6694)
(2299, 3296)
(2299, 4146)
(2299, 4934)
(2299, 5065)
(2299, 6411)
(2299, 7565)
(2299, 5277)
(2301, 4246)
(2302, 7100)
(2304, 2624)
(2305, 3187)
(2306, 5759)
(2307, 3112)
(2309, 5443)
(2310, 7573)
(2311, 7248)
(2312, 3873)
(2314, 6267)
(2315, 4595)
(2316, 6960)
(2317, 5670)
(2317, 3159)
(2318, 3520)
(2319, 7552)
(2320, 3408)
(2322, 2510)
(2323, 7089)
(2324, 7028)
(2325, 4204)
(2327, 7009)
(2329, 7089)
(2330, 3181)
(2331, 2422)
(2332, 5554)
(2333, 3758)
(2334, 7024)
(2335, 2535)
(2336, 7017)
(2337, 4941)
(2337, 7438)
(2337, 7035)
(2337, 6460)
(2339, 5287)
(2340, 4882)
(2341, 3715)
(2341, 6302)
(2342, 6432)
(2343, 6460)
(2344, 2418)
(2344, 6552)
(2344, 3659)
(2344, 5854)
(2344, 5327)
(2345, 3994)
(2345, 4916)
(2346, 3247)
(2347, 2385)
(2347, 2836)
(2347, 4565)
(2347, 5847)
(2347, 3856)
(2347, 5420)
(2347, 4653)
(2347, 2559)
(2349, 4034)
(2349, 3622)
(2349, 5710)
(2349, 2591)
(2350, 3162)
(2352, 3530)
(2353, 2639)
(2355, 6914)
(2356, 4443)
(2356, 5532)
(2357, 7080)
(2357, 6990)
(2357, 3571)
(2358, 2904)
(2360, 6670)
(2362, 5045)
(2364, 4433)
(2365, 6017)
(2367, 3597)
(2368, 6396)
(2368, 2617)
(2368, 3166)
(2369, 3210)
(2369, 6091)
(2372, 7248)
(2374, 3251)
(2375, 2502)
(2376, 5249)
(2376, 4107)
(2377, 6101)
(2378, 7298)
(2381, 4275)
(2381, 5274)
(2382, 6724)
(2382, 4962)
(2383, 2763)
(2384, 7539)
(2384, 5294)
(2385, 4657)
(2385, 3809)
(2386, 3655)
(2386, 6668)
(2387, 5968)
(2387, 6256)
(2387, 6636)
(2387, 7534)
(2388, 5047)
(2389, 3384)
(2390, 2870)
(2390, 5369)
(2391, 7434)
(2391, 5315)
(2391, 5549)
(2391, 4275)
(2391, 2764)
(2391, 3285)
(2391, 3163)
(2392, 2854)
(2393, 7314)
(2394, 4163)
(2395, 6676)
(2397, 6505)
(2399, 4423)
(2399, 5396)
(2399, 2630)
(2400, 5543)
(2401, 4329)
(2401, 6440)
(2402, 7619)
(2402, 7100)
(2404, 7568)
(2405, 7580)
(2406, 7352)
(2406, 4593)
(2407, 6716)
(2408, 7177)
(2408, 2701)
(2409, 2414)
(2410, 6990)
(2411, 5233)
(2413, 4656)
(2414, 7168)
(2414, 2506)
(2414, 5520)
(2414, 5846)
(2414, 7031)
(2414, 2442)
(2414, 3838)
(2415, 4744)
(2415, 4476)
(2415, 5164)
(2416, 7585)
(2416, 4777)
(2416, 5427)
(2417, 5817)
(2418, 2871)
(2419, 2510)
(2419, 6489)
(2419, 4953)
(2419, 6542)
(2421, 4584)
(2422, 6469)
(2422, 3722)
(2422, 6101)
(2422, 4644)
(2422, 7219)
(2423, 7595)
(2424, 5001)
(2425, 6415)
(2427, 2707)
(2428, 5632)
(2428, 5800)
(2429, 4335)
(2430, 6700)
(2431, 2694)
(2432, 4371)
(2433, 4104)
(2433, 2730)
(2435, 3705)
(2436, 3600)
(2438, 6200)
(2440, 5604)
(2441, 2912)
(2443, 5700)
(2444, 3700)
(2444, 2455)
(2446, 3758)
(2448, 5369)
(2448, 7006)
(2449, 3091)
(2449, 3571)
(2450, 5208)
(2451, 6798)
(2454, 4899)
(2455, 2769)
(2455, 3805)
(2455, 5373)
(2456, 5154)
(2456, 7441)
(2457, 5631)
(2459, 7102)
(2460, 3073)
(2461, 3974)
(2462, 5127)
(2463, 3737)
(2464, 4811)
(2465, 4994)
(2467, 2569)
(2468, 5859)
(2468, 2755)
(2468, 6921)
(2468, 2995)
(2469, 6595)
(2470, 3291)
(2471, 5800)
(2473, 5527)
(2473, 4316)
(2474, 4713)
(2474, 4783)
(2477, 6549)
(2478, 2736)
(2478, 5417)
(2479, 3222)
(2480, 7169)
(2480, 3198)
(2481, 3308)
(2481, 6712)
(2482, 3530)
(2483, 6167)
(2484, 4785)
(2486, 4335)
(2487, 2745)
(2488, 5381)
(2488, 6537)
(2488, 5327)
(2488, 5933)
(2489, 6295)
(2490, 5625)
(2491, 3064)
(2492, 5578)
(2493, 4341)
(2496, 6728)
(2498, 6049)
(2498, 4939)
(2499, 3061)
(2499, 6712)
(2500, 6932)
(2501, 4226)
(2501, 5891)
(2501, 6716)
(2501, 4878)
(2502, 7221)
(2504, 6817)
(2504, 3874)
(2504, 5409)
(2504, 4714)
(2504, 6933)
(2505, 3792)
(2508, 4424)
(2508, 2867)
(2509, 5334)
(2510, 3335)
(2510, 3102)
(2510, 4697)
(2510, 3360)
(2510, 5168)
(2510, 4926)
(2510, 4417)
(2510, 7494)
(2510, 5453)
(2510, 2807)
(2510, 6414)
(2510, 3415)
(2510, 3417)
(2510, 5473)
(2510, 5563)
(2510, 7525)
(2510, 7273)
(2510, 4464)
(2510, 7036)
(2510, 7037)
(2510, 7309)
(2510, 2957)
(2510, 6071)
(2510, 6843)
(2510, 7200)
(2510, 3274)
(2510, 4299)
(2510, 3278)
(2510, 4052)
(2510, 5845)
(2510, 2527)
(2510, 6881)
(2510, 3555)
(2510, 4072)
(2510, 6705)
(2510, 6131)
(2510, 4605)
(2511, 2854)
(2511, 7045)
(2512, 6928)
(2512, 4378)
(2512, 4763)
(2513, 2801)
(2515, 4095)
(2515, 3331)
(2515, 3381)
(2517, 7273)
(2518, 5578)
(2520, 4441)
(2520, 3473)
(2521, 6083)
(2521, 4957)
(2523, 4319)
(2524, 5455)
(2524, 6544)
(2525, 5658)
(2528, 2781)
(2529, 6463)
(2530, 6273)
(2530, 6188)
(2530, 6101)
(2532, 7373)
(2534, 7435)
(2535, 3888)
(2535, 3445)
(2536, 6557)
(2536, 4055)
(2537, 4321)
(2537, 4761)
(2538, 7536)
(2539, 3610)
(2540, 5531)
(2542, 4785)
(2543, 3240)
(2543, 6780)
(2543, 4045)
(2546, 7243)
(2546, 4356)
(2547, 6617)
(2548, 7532)
(2548, 6817)
(2549, 7162)
(2550, 5610)
(2551, 6107)
(2551, 5197)
(2552, 2669)
(2553, 2691)
(2554, 4234)
(2556, 4353)
(2556, 5079)
(2556, 3471)
(2558, 3084)
(2560, 7459)
(2560, 2940)
(2560, 5066)
(2561, 5233)
(2561, 4182)
(2561, 6001)
(2562, 3066)
(2562, 3966)
(2563, 2926)
(2564, 2864)
(2567, 2758)
(2568, 2902)
(2569, 2866)
(2569, 2713)
(2569, 6258)
(2570, 6787)
(2570, 4393)
(2571, 3387)
(2571, 6105)
(2571, 6234)
(2571, 3566)
(2572, 3909)
(2572, 3261)
(2573, 6917)
(2574, 5128)
(2575, 2707)
(2576, 4657)
(2577, 7208)
(2578, 5914)
(2579, 5274)
(2580, 6827)
(2580, 5292)
(2581, 4937)
(2582, 3833)
(2583, 2786)
(2583, 7228)
(2583, 3530)
(2583, 3693)
(2584, 2757)
(2585, 3530)
(2587, 2615)
(2588, 4097)
(2589, 5837)
(2589, 3758)
(2591, 6519)
(2591, 3130)
(2592, 5943)
(2593, 2755)
(2594, 6639)
(2595, 4033)
(2596, 4999)
(2597, 6077)
(2597, 4271)
(2598, 6186)
(2599, 3654)
(2599, 4959)
(2600, 3730)
(2600, 6101)
(2600, 3298)
(2600, 6373)
(2600, 5804)
(2600, 4680)
(2600, 3007)
(2602, 6963)
(2604, 5427)
(2605, 5770)
(2606, 4755)
(2608, 4119)
(2610, 6232)
(2610, 3791)
(2612, 3272)
(2614, 6298)
(2614, 6810)
(2614, 6455)
(2614, 4728)
(2615, 6215)
(2615, 6584)
(2615, 3664)
(2615, 4180)
(2615, 7001)
(2615, 5857)
(2615, 5988)
(2615, 7161)
(2617, 5518)
(2618, 3658)
(2618, 6724)
(2619, 6493)
(2620, 2710)
(2621, 3947)
(2624, 6375)
(2624, 4781)
(2626, 6479)
(2626, 2797)
(2626, 5929)
(2626, 6252)
(2628, 5795)
(2628, 3399)
(2629, 5751)
(2631, 3948)
(2632, 5337)
(2633, 3469)
(2634, 2792)
(2636, 5514)
(2637, 4503)
(2637, 3103)
(2637, 2961)
(2637, 6113)
(2637, 6567)
(2637, 3583)
(2638, 4759)
(2639, 5975)
(2639, 3271)
(2639, 3739)
(2640, 3342)
(2641, 3530)
(2643, 3325)
(2643, 4911)
(2645, 7283)
(2645, 6727)
(2646, 5498)
(2647, 5869)
(2648, 3498)
(2649, 4457)
(2649, 4250)
(2651, 5584)
(2652, 6916)
(2653, 5516)
(2654, 7248)
(2655, 4636)
(2656, 6459)
(2659, 5236)
(2659, 3158)
(2659, 7162)
(2659, 4126)
(2662, 4897)
(2665, 3048)
(2666, 4556)
(2666, 6797)
(2667, 4992)
(2667, 4427)
(2668, 6712)
(2668, 3766)
(2672, 3038)
(2673, 2798)
(2673, 3251)
(2676, 6924)
(2678, 5436)
(2681, 6946)
(2683, 3077)
(2684, 6556)
(2686, 3616)
(2688, 5127)
(2690, 3341)
(2691, 4428)
(2691, 7258)
(2691, 6941)
(2691, 4933)
(2691, 4512)
(2691, 5668)
(2691, 5050)
(2691, 3582)
(2692, 3795)
(2693, 3673)
(2693, 2698)
(2694, 3360)
(2695, 4028)
(2695, 4855)
(2697, 6432)
(2697, 6327)
(2698, 3279)
(2699, 5513)
(2699, 4989)
(2700, 4162)
(2703, 7004)
(2703, 4149)
(2704, 3867)
(2705, 4689)
(2706, 5134)
(2707, 4382)
(2707, 5030)
(2707, 7464)
(2707, 5673)
(2707, 3779)
(2707, 7246)
(2707, 4677)
(2707, 4961)
(2707, 5159)
(2708, 4795)
(2709, 5643)
(2710, 7587)
(2710, 5789)
(2711, 7475)
(2711, 2740)
(2711, 6640)
(2712, 5461)
(2713, 6627)
(2715, 3400)
(2716, 6153)
(2717, 6088)
(2717, 3199)
(2718, 4580)
(2719, 3811)
(2720, 3107)
(2721, 4359)
(2722, 6252)
(2723, 4976)
(2723, 6444)
(2723, 4822)
(2724, 4267)
(2725, 5124)
(2725, 7237)
(2725, 3240)
(2725, 5548)
(2725, 6105)
(2725, 7490)
(2726, 3633)
(2727, 6396)
(2728, 6339)
(2729, 6399)
(2730, 3584)
(2730, 3323)
(2731, 7329)
(2731, 7506)
(2733, 3565)
(2734, 5124)
(2735, 7583)
(2738, 6363)
(2739, 6703)
(2741, 3604)
(2742, 4858)
(2743, 3555)
(2744, 4502)
(2744, 6534)
(2744, 4876)
(2745, 6400)
(2745, 6732)
(2745, 5186)
(2745, 4272)
(2745, 3315)
(2746, 3244)
(2747, 5377)
(2747, 5968)
(2747, 6362)
(2747, 3548)
(2748, 2818)
(2749, 6120)
(2752, 6238)
(2753, 6936)
(2753, 7148)
(2756, 6541)
(2758, 6814)
(2758, 6623)
(2759, 6250)
(2760, 4900)
(2761, 4774)
(2766, 4785)
(2768, 4338)
(2770, 3143)
(2771, 6292)
(2771, 2943)
(2772, 7568)
(2774, 5720)
(2775, 5127)
(2775, 3790)
(2776, 5060)
(2776, 6119)
(2777, 3575)
(2778, 5157)
(2780, 7402)
(2782, 4695)
(2782, 6586)
(2782, 4780)
(2787, 5200)
(2787, 7123)
(2790, 5928)
(2790, 2934)
(2791, 7237)
(2792, 5128)
(2795, 4241)
(2797, 6462)
(2798, 2825)
(2798, 4891)
(2798, 5082)
(2798, 5934)
(2798, 2949)
(2798, 6142)
(2800, 3082)
(2800, 6636)
(2802, 6025)
(2802, 3482)
(2805, 5541)
(2805, 3477)
(2805, 7160)
(2805, 4183)
(2806, 6884)
(2809, 3457)
(2810, 3265)
(2813, 6173)
(2814, 7499)
(2814, 5724)
(2815, 6960)
(2816, 5263)
(2817, 7327)
(2818, 5768)
(2818, 3341)
(2820, 3002)
(2820, 5911)
(2821, 6974)
(2821, 3983)
(2822, 6817)
(2824, 7602)
(2828, 4785)
(2828, 3715)
(2829, 3450)
(2831, 5010)
(2831, 6134)
(2832, 7015)
(2832, 7162)
(2832, 3855)
(2833, 3802)
(2833, 4379)
(2833, 7348)
(2834, 4322)
(2834, 6710)
(2834, 4285)
(2835, 3502)
(2835, 6298)
(2837, 4277)
(2838, 4626)
(2838, 3604)
(2838, 4358)
(2839, 6402)
(2839, 7207)
(2840, 3450)
(2840, 4765)
(2841, 4785)
(2842, 3497)
(2843, 3384)
(2843, 7186)
(2843, 6734)
(2843, 6269)
(2844, 4225)
(2846, 6554)
(2846, 7284)
(2849, 4003)
(2850, 7113)
(2850, 6731)
(2851, 3793)
(2852, 6062)
(2854, 6914)
(2854, 4690)
(2854, 4995)
(2854, 3619)
(2854, 3626)
(2854, 3124)
(2854, 2888)
(2854, 3914)
(2854, 5133)
(2854, 5234)
(2854, 4501)
(2854, 6214)
(2854, 6684)
(2854, 3275)
(2854, 5799)
(2854, 6826)
(2855, 3016)
(2856, 7135)
(2857, 6004)
(2858, 3264)
(2859, 6617)
(2860, 2944)
(2861, 7502)
(2862, 2895)
(2862, 5423)
(2863, 6529)
(2864, 4491)
(2864, 5600)
(2864, 6446)
(2865, 3251)
(2867, 4089)
(2868, 4291)
(2868, 4662)
(2868, 3310)
(2869, 4811)
(2870, 4841)
(2871, 6221)
(2872, 6279)
(2875, 5370)
(2876, 4665)
(2877, 7109)
(2878, 5831)
(2878, 5769)
(2878, 7072)
(2879, 7094)
(2880, 7105)
(2880, 6246)
(2880, 4383)
(2883, 6971)
(2886, 5836)
(2887, 3555)
(2889, 6772)
(2889, 6882)
(2892, 5670)
(2892, 7339)
(2892, 5405)
(2892, 5497)
(2893, 5528)
(2893, 4536)
(2894, 4785)
(2895, 6625)
(2896, 3140)
(2896, 3606)
(2896, 5065)
(2896, 2936)
(2897, 6057)
(2897, 3829)
(2898, 4519)
(2900, 3737)
(2902, 3021)
(2902, 3955)
(2902, 5340)
(2902, 5855)
(2903, 5206)
(2905, 4747)
(2906, 5832)
(2907, 5642)
(2908, 5441)
(2909, 4785)
(2910, 4152)
(2914, 6572)
(2914, 4735)
(2915, 6688)
(2917, 5574)
(2918, 6880)
(2921, 5449)
(2922, 4650)
(2923, 4785)
(2925, 3445)
(2928, 4648)
(2928, 5494)
(2929, 5370)
(2930, 5910)
(2930, 4160)
(2931, 5899)
(2932, 7162)
(2933, 3377)
(2935, 4525)
(2938, 4330)
(2938, 3757)
(2939, 3969)
(2939, 4559)
(2942, 7198)
(2943, 4111)
(2944, 5654)
(2945, 7173)
(2949, 5688)
(2950, 3714)
(2951, 3960)
(2951, 7110)
(2952, 3813)
(2952, 5432)
(2953, 6423)
(2954, 4751)
(2955, 3281)
(2955, 6519)
(2956, 7498)
(2957, 4496)
(2958, 5536)
(2959, 5020)
(2961, 7240)
(2961, 7084)
(2961, 3378)
(2961, 7556)
(2963, 3416)
(2964, 7102)
(2965, 6560)
(2965, 6138)
(2965, 5060)
(2966, 3428)
(2966, 6088)
(2966, 6297)
(2967, 7056)
(2970, 3444)
(2971, 4446)
(2971, 3569)
(2972, 3158)
(2973, 4662)
(2974, 7427)
(2974, 5267)
(2977, 5817)
(2978, 3071)
(2979, 5895)
(2979, 3770)
(2980, 7425)
(2980, 7529)
(2980, 3701)
(2980, 6649)
(2981, 5510)
(2982, 5988)
(2983, 5377)
(2984, 6851)
(2987, 6979)
(2988, 4262)
(2988, 3880)
(2988, 5353)
(2988, 4471)
(2989, 3127)
(2990, 6474)
(2991, 3632)
(2991, 5847)
(2991, 3006)
(2992, 3744)
(2994, 6599)
(2994, 6114)
(2994, 6267)
(2994, 6218)
(2995, 7142)
(2996, 7296)
(2996, 4806)
(2997, 7381)
(2998, 4544)
(2998, 3045)
(2999, 3956)
(3000, 6688)
(3001, 3349)
(3001, 4798)
(3003, 7339)
(3004, 7078)
(3005, 3362)
(3005, 7623)
(3005, 4175)
(3009, 6870)
(3010, 4365)
(3012, 3064)
(3014, 5775)
(3014, 7226)
(3015, 7268)
(3016, 5233)
(3016, 3722)
(3017, 7557)
(3018, 5668)
(3022, 6529)
(3022, 3317)
(3024, 6101)
(3025, 5278)
(3026, 3963)
(3028, 3530)
(3030, 3853)
(3030, 4527)
(3032, 5866)
(3033, 5447)
(3035, 3966)
(3036, 5610)
(3037, 5127)
(3038, 7443)
(3038, 3352)
(3038, 4390)
(3038, 5171)
(3038, 3194)
(3038, 4549)
(3038, 3400)
(3039, 5634)
(3039, 6436)
(3039, 5935)
(3041, 7151)
(3042, 4554)
(3042, 7339)
(3042, 3747)
(3043, 5345)
(3047, 4179)
(3047, 3688)
(3047, 6895)
(3047, 3294)
(3048, 6884)
(3049, 4081)
(3049, 4307)
(3050, 4785)
(3051, 6757)
(3054, 3091)
(3055, 4528)
(3056, 5824)
(3058, 5216)
(3060, 4740)
(3060, 4693)
(3060, 5527)
(3060, 6549)
(3063, 7284)
(3064, 6121)
(3065, 6855)
(3068, 5201)
(3069, 7540)
(3070, 4760)
(3070, 4965)
(3071, 3991)
(3071, 7508)
(3073, 3258)
(3073, 6589)
(3074, 6711)
(3075, 6378)
(3075, 6004)
(3076, 5951)
(3077, 6211)
(3077, 5180)
(3077, 6028)
(3078, 7339)
(3079, 5968)
(3080, 6016)
(3080, 3714)
(3080, 4800)
(3080, 3689)
(3080, 6002)
(3083, 5235)
(3083, 4359)
(3083, 6427)
(3084, 7255)
(3084, 3432)
(3084, 6683)
(3086, 5570)
(3087, 6582)
(3087, 4719)
(3088, 4432)
(3088, 6122)
(3089, 3632)
(3090, 5387)
(3090, 5564)
(3092, 4744)
(3093, 3809)
(3095, 7457)
(3095, 4502)
(3095, 5127)
(3096, 5241)
(3097, 3853)
(3098, 5037)
(3099, 4409)
(3099, 3201)
(3100, 3582)
(3101, 5974)
(3103, 7001)
(3103, 4248)
(3103, 4786)
(3103, 5463)
(3103, 5207)
(3104, 4039)
(3105, 4986)
(3105, 3212)
(3106, 4124)
(3107, 6432)
(3108, 6654)
(3109, 5386)
(3111, 6250)
(3112, 4599)
(3113, 4900)
(3115, 4356)
(3117, 5208)
(3117, 3176)
(3117, 6784)
(3119, 7559)
(3119, 4745)
(3120, 7405)
(3120, 5765)
(3120, 3926)
(3120, 3564)
(3121, 3400)
(3122, 7497)
(3123, 6368)
(3127, 3345)
(3127, 4370)
(3127, 3412)
(3127, 5764)
(3128, 5010)
(3129, 3138)
(3129, 4636)
(3130, 7507)
(3130, 4398)
(3130, 6491)
(3130, 6454)
(3130, 6035)
(3131, 5136)
(3132, 4616)
(3133, 3597)
(3134, 5330)
(3136, 6378)
(3136, 5556)
(3136, 4856)
(3137, 4706)
(3137, 5177)
(3137, 5659)
(3139, 3774)
(3141, 5026)
(3141, 7320)
(3143, 4338)
(3144, 3584)
(3145, 6558)
(3146, 3956)
(3149, 3572)
(3150, 5006)
(3153, 4068)
(3153, 5710)
(3154, 6808)
(3154, 3948)
(3155, 4330)
(3157, 3769)
(3157, 3706)
(3158, 3528)
(3158, 6305)
(3160, 5658)
(3161, 7237)
(3162, 5475)
(3162, 5606)
(3162, 4519)
(3162, 6261)
(3164, 6867)
(3165, 3644)
(3167, 3991)
(3168, 3696)
(3169, 4148)
(3169, 3375)
(3171, 7237)
(3173, 7502)
(3177, 3461)
(3178, 6853)
(3179, 5376)
(3180, 4033)
(3181, 3845)
(3181, 6174)
(3181, 5536)
(3181, 4898)
(3181, 6824)
(3182, 7153)
(3183, 5418)
(3183, 5660)
(3184, 5127)
(3184, 3530)
(3184, 4425)
(3185, 5120)
(3185, 3833)
(3185, 4757)
(3186, 7199)
(3188, 4637)
(3190, 3972)
(3191, 5962)
(3192, 4908)
(3195, 4785)
(3196, 7468)
(3197, 7211)
(3198, 4557)
(3198, 5854)
(3200, 6421)
(3202, 4785)
(3202, 3628)
(3203, 4880)
(3204, 5610)
(3207, 3507)
(3208, 4062)
(3208, 3544)
(3209, 5355)
(3210, 4842)
(3210, 4208)
(3210, 3433)
(3210, 5566)
(3210, 7615)
(3213, 6752)
(3213, 5988)
(3214, 5532)
(3215, 6319)
(3216, 4163)
(3217, 4000)
(3220, 5634)
(3221, 7080)
(3221, 3850)
(3221, 4534)
(3222, 3450)
(3223, 3680)
(3223, 5540)
(3223, 3932)
(3223, 4329)
(3223, 4624)
(3225, 3625)
(3225, 7528)
(3227, 4130)
(3227, 5173)
(3227, 4600)
(3229, 4187)
(3230, 3920)
(3231, 6755)
(3231, 5681)
(3232, 4470)
(3233, 4819)
(3234, 5240)
(3235, 7019)
(3236, 4922)
(3237, 4177)
(3239, 3679)
(3240, 6681)
(3240, 4681)
(3240, 3499)
(3240, 3256)
(3240, 4281)
(3241, 4811)
(3241, 7332)
(3242, 5842)
(3244, 6649)
(3245, 3880)
(3246, 4274)
(3247, 5102)
(3247, 3822)
(3247, 7162)
(3247, 5820)
(3248, 4855)
(3249, 6528)
(3249, 5389)
(3250, 6495)
(3251, 5388)
(3252, 4053)
(3253, 6912)
(3254, 6405)
(3257, 5169)
(3258, 4631)
(3259, 7085)
(3260, 6303)
(3263, 3687)
(3267, 4354)
(3267, 4420)
(3277, 6896)
(3280, 5454)
(3281, 4238)
(3282, 6379)
(3283, 4335)
(3284, 5855)
(3285, 4502)
(3285, 7368)
(3287, 5775)
(3288, 5521)
(3288, 6436)
(3289, 5817)
(3293, 4008)
(3299, 5740)
(3305, 3684)
(3305, 5158)
(3305, 6646)
(3309, 6241)
(3309, 4138)
(3309, 6262)
(3311, 6784)
(3311, 4886)
(3312, 5065)
(3313, 6966)
(3318, 3932)
(3318, 3663)
(3320, 5884)
(3320, 5812)
(3325, 7153)
(3325, 4356)
(3325, 3569)
(3325, 4105)
(3328, 5807)
(3329, 4344)
(3330, 4483)
(3330, 5450)
(3330, 7262)
(3330, 3812)
(3330, 4341)
(3330, 4475)
(3331, 6809)
(3332, 5543)
(3334, 5729)
(3334, 5369)
(3334, 7226)
(3335, 3511)
(3337, 7237)
(3338, 6789)
(3339, 6984)
(3339, 4414)
(3340, 3520)
(3341, 6445)
(3341, 4915)
(3342, 4782)
(3342, 3505)
(3344, 3382)
(3344, 7571)
(3346, 6160)
(3346, 7474)
(3346, 5495)
(3347, 4544)
(3347, 5675)
(3348, 5646)
(3349, 3421)
(3349, 5725)
(3349, 5583)
(3350, 7233)
(3350, 5242)
(3350, 6206)
(3352, 4366)
(3354, 6942)
(3355, 6208)
(3355, 5728)
(3357, 4811)
(3358, 5851)
(3359, 7331)
(3359, 4329)
(3359, 5908)
(3359, 6175)
(3360, 3725)
(3360, 7123)
(3360, 5326)
(3361, 3747)
(3361, 4337)
(3365, 7580)
(3367, 7611)
(3368, 3460)
(3368, 7469)
(3369, 4811)
(3369, 3563)
(3370, 4490)
(3370, 7044)
(3370, 4493)
(3371, 3632)
(3372, 4416)
(3373, 5179)
(3374, 5042)
(3374, 3861)
(3374, 5302)
(3374, 5069)
(3375, 4929)
(3375, 5244)
(3375, 4279)
(3377, 4749)
(3377, 4904)
(3377, 4396)
(3379, 7146)
(3379, 5476)
(3380, 7053)
(3381, 5969)
(3382, 5968)
(3382, 6180)
(3383, 6316)
(3386, 3929)
(3388, 4785)
(3389, 5553)
(3389, 4147)
(3389, 3690)
(3390, 5451)
(3390, 5355)
(3394, 7339)
(3395, 6833)
(3399, 5957)
(3399, 5879)
(3399, 6249)
(3399, 5612)
(3399, 6842)
(3400, 3612)
(3400, 3653)
(3401, 4623)
(3402, 5831)
(3403, 6660)
(3403, 7365)
(3404, 5676)
(3404, 7162)
(3406, 6779)
(3406, 5239)
(3408, 7075)
(3408, 7237)
(3410, 3852)
(3410, 3565)
(3410, 7183)
(3410, 6767)
(3410, 4927)
(3411, 4466)
(3412, 5152)
(3414, 4687)
(3416, 6666)
(3418, 6415)
(3418, 5294)
(3418, 5996)
(3422, 6075)
(3422, 4308)
(3423, 7598)
(3424, 6065)
(3426, 4042)
(3427, 4280)
(3427, 5267)
(3427, 5006)
(3430, 6222)
(3430, 3822)
(3430, 4577)
(3430, 5815)
(3430, 6312)
(3431, 6794)
(3432, 3496)
(3434, 7550)
(3435, 6078)
(3436, 3825)
(3436, 6913)
(3437, 5206)
(3437, 4704)
(3437, 6758)
(3437, 7162)
(3438, 3530)
(3439, 3958)
(3439, 4314)
(3439, 5454)
(3439, 7167)
(3440, 6574)
(3440, 6419)
(3440, 4330)
(3440, 6575)
(3442, 4452)
(3443, 3639)
(3447, 6330)
(3449, 5012)
(3450, 3755)
(3450, 4874)
(3450, 4752)
(3450, 3867)
(3450, 4895)
(3450, 5666)
(3450, 5684)
(3450, 4106)
(3450, 6548)
(3450, 7323)
(3450, 4767)
(3450, 7587)
(3450, 6985)
(3450, 6334)
(3450, 6195)
(3450, 4685)
(3450, 3832)
(3450, 4334)
(3450, 7125)
(3451, 6391)
(3454, 7416)
(3454, 7491)
(3454, 7191)
(3455, 3650)
(3458, 3633)
(3461, 4494)
(3462, 3509)
(3463, 7392)
(3463, 7601)
(3463, 4361)
(3463, 6898)
(3463, 6477)
(3465, 6141)
(3468, 6477)
(3469, 5347)
(3470, 6854)
(3470, 5163)
(3470, 4628)
(3472, 3949)
(3474, 3928)
(3475, 3608)
(3475, 7515)
(3476, 7022)
(3479, 4558)
(3480, 6219)
(3480, 4900)
(3481, 4356)
(3481, 4153)
(3482, 6087)
(3483, 4785)
(3484, 4081)
(3484, 7345)
(3485, 4649)
(3486, 3536)
(3487, 4026)
(3489, 7600)
(3490, 6455)
(3491, 5421)
(3492, 7100)
(3492, 5630)
(3493, 6139)
(3494, 5370)
(3495, 5159)
(3495, 4531)
(3497, 6101)
(3500, 4544)
(3501, 4257)
(3502, 4356)
(3504, 4908)
(3504, 5559)
(3504, 6108)
(3504, 5854)
(3504, 6398)
(3506, 4811)
(3507, 7459)
(3509, 4785)
(3509, 6478)
(3510, 5564)
(3512, 6476)
(3513, 4275)
(3514, 5335)
(3514, 4506)
(3516, 7071)
(3518, 3594)
(3520, 5572)
(3520, 5160)
(3520, 5685)
(3521, 6201)
(3521, 6255)
(3522, 5604)
(3523, 3755)
(3524, 4801)
(3524, 5411)
(3525, 4507)
(3526, 5708)
(3528, 3585)
(3529, 7270)
(3530, 4707)
(3530, 5734)
(3530, 5227)
(3530, 3720)
(3530, 3737)
(3530, 6319)
(3530, 3771)
(3530, 5309)
(3530, 7377)
(3530, 5852)
(3530, 4051)
(3530, 7413)
(3530, 4960)
(3530, 4452)
(3530, 6050)
(3530, 3801)
(3532, 4384)
(3533, 4163)
(3534, 7071)
(3535, 4994)
(3536, 4333)
(3538, 7518)
(3539, 4819)
(3540, 6467)
(3541, 7049)
(3543, 6564)
(3544, 3611)
(3544, 4191)
(3544, 3692)
(3544, 7282)
(3544, 4477)
(3544, 5257)
(3544, 5568)
(3544, 5064)
(3544, 5363)
(3544, 4086)
(3545, 6754)
(3546, 7493)
(3547, 6488)
(3547, 4469)
(3547, 4005)
(3549, 4348)
(3550, 5284)
(3553, 6859)
(3556, 6146)
(3557, 6866)
(3557, 7315)
(3558, 6274)
(3560, 4809)
(3561, 4259)
(3564, 6270)
(3566, 6579)
(3567, 4371)
(3568, 5402)
(3569, 4421)
(3569, 6162)
(3569, 3731)
(3571, 4078)
(3571, 7199)
(3573, 5110)
(3573, 6998)
(3574, 7078)
(3574, 6241)
(3575, 4627)
(3575, 4807)
(3576, 4206)
(3577, 5966)
(3579, 5960)
(3580, 6182)
(3581, 6157)
(3584, 7299)
(3584, 5165)
(3584, 6066)
(3584, 5833)
(3584, 5705)
(3584, 5581)
(3584, 4691)
(3584, 3675)
(3584, 4190)
(3584, 4591)
(3584, 3988)
(3584, 4914)
(3584, 6652)
(3586, 3918)
(3587, 5850)
(3588, 7362)
(3590, 6723)
(3593, 7502)
(3595, 7100)
(3595, 6030)
(3596, 7596)
(3597, 5392)
(3597, 3869)
(3597, 6764)
(3597, 6523)
(3597, 6789)
(3597, 6792)
(3597, 4772)
(3597, 4306)
(3597, 6100)
(3598, 4164)
(3598, 6662)
(3599, 3926)
(3599, 6167)
(3600, 4880)
(3601, 4825)
(3603, 5220)
(3606, 6420)
(3607, 5461)
(3609, 5454)
(3610, 6466)
(3610, 6088)
(3610, 4811)
(3610, 4659)
(3613, 5325)
(3613, 5788)
(3614, 4240)
(3614, 4317)
(3614, 4412)
(3616, 5658)
(3616, 4460)
(3616, 5805)
(3617, 7328)
(3617, 4406)
(3617, 5447)
(3617, 7261)
(3618, 4821)
(3620, 3733)
(3620, 5938)
(3621, 6666)
(3623, 4959)
(3624, 6120)
(3624, 4347)
(3625, 5716)
(3625, 3687)
(3625, 3991)
(3626, 3691)
(3630, 4651)
(3632, 6852)
(3632, 6645)
(3633, 5107)
(3633, 3768)
(3634, 4359)
(3635, 4811)
(3636, 6604)
(3637, 4359)
(3642, 3670)
(3642, 4745)
(3643, 6439)
(3643, 6461)
(3644, 6108)
(3644, 7237)
(3645, 6678)
(3647, 4548)
(3647, 7435)
(3647, 5604)
(3648, 6146)
(3649, 7030)
(3650, 6063)
(3650, 4536)
(3651, 4026)
(3653, 5003)
(3653, 4151)
(3653, 5597)
(3653, 3937)
(3657, 5479)
(3661, 4006)
(3662, 7056)
(3666, 7376)
(3667, 5940)
(3667, 3895)
(3667, 4125)
(3668, 7199)
(3670, 5702)
(3670, 7023)
(3670, 6679)
(3672, 6842)
(3674, 7405)
(3676, 6685)
(3677, 4602)
(3678, 6249)
(3679, 7379)
(3681, 7263)
(3682, 6886)
(3685, 4587)
(3686, 5379)
(3686, 5591)
(3693, 6840)
(3694, 4716)
(3694, 7533)
(3695, 6656)
(3697, 7015)
(3701, 4935)
(3701, 4813)
(3702, 7541)
(3705, 3984)
(3705, 4122)
(3707, 6731)
(3708, 5479)
(3712, 4786)
(3715, 6470)
(3715, 5966)
(3715, 6166)
(3715, 6237)
(3717, 3751)
(3719, 7219)
(3720, 4652)
(3721, 7504)
(3722, 5364)
(3724, 6817)
(3725, 4006)
(3725, 7601)
(3726, 7411)
(3727, 5139)
(3734, 6716)
(3737, 6949)
(3737, 7336)
(3737, 4788)
(3737, 4533)
(3738, 6476)
(3738, 6804)
(3740, 4814)
(3741, 7403)
(3742, 5925)
(3748, 4145)
(3748, 6471)
(3748, 5311)
(3750, 7461)
(3750, 4136)
(3751, 7488)
(3751, 6861)
(3751, 4332)
(3751, 4724)
(3752, 4852)
(3752, 7097)
(3753, 4935)
(3754, 7527)
(3755, 5907)
(3755, 4286)
(3757, 6733)
(3759, 5181)
(3761, 7126)
(3762, 4811)
(3763, 4180)
(3764, 6899)
(3764, 5261)
(3765, 5050)
(3773, 4999)
(3774, 4040)
(3776, 4785)
(3777, 4499)
(3777, 4569)
(3777, 6519)
(3777, 5821)
(3778, 6757)
(3782, 6160)
(3783, 5747)
(3784, 4793)
(3785, 5670)
(3787, 7158)
(3788, 6147)
(3789, 4555)
(3792, 5058)
(3792, 4408)
(3793, 5605)
(3795, 6703)
(3796, 7211)
(3797, 4873)
(3799, 3859)
(3800, 6816)
(3800, 4811)
(3803, 7502)
(3804, 6718)
(3804, 6446)
(3806, 4691)
(3807, 4375)
(3807, 5348)
(3807, 4788)
(3810, 5851)
(3811, 6098)
(3813, 7235)
(3814, 6904)
(3817, 7173)
(3818, 6450)
(3818, 4422)
(3819, 7387)
(3820, 5744)
(3822, 4522)
(3822, 7350)
(3822, 7020)
(3824, 6883)
(3826, 4000)
(3827, 6580)
(3828, 7339)
(3829, 7138)
(3830, 5167)
(3831, 6828)
(3833, 5378)
(3833, 5892)
(3833, 5830)
(3833, 6991)
(3833, 6876)
(3834, 6361)
(3835, 4994)
(3836, 4000)
(3836, 3884)
(3839, 5742)
(3842, 5455)
(3843, 5562)
(3844, 7105)
(3845, 7182)
(3845, 6991)
(3845, 7256)
(3848, 5564)
(3849, 4544)
(3852, 5457)
(3852, 6424)
(3853, 5015)
(3853, 4632)
(3853, 5166)
(3853, 4783)
(3853, 6096)
(3853, 6878)
(3854, 5534)
(3854, 7607)
(3855, 6047)
(3858, 5455)
(3858, 6622)
(3860, 7595)
(3861, 5628)
(3861, 7365)
(3862, 6306)
(3862, 7317)
(3863, 3907)
(3865, 7334)
(3867, 5211)
(3873, 4950)
(3873, 7065)
(3873, 4254)
(3873, 4536)
(3873, 3900)
(3873, 5941)
(3873, 5411)
(3875, 4324)
(3876, 5127)
(3876, 4270)
(3876, 5823)
(3877, 4292)
(3877, 6111)
(3879, 6738)
(3881, 6377)
(3882, 4144)
(3886, 3977)
(3888, 4042)
(3889, 5589)
(3890, 7396)
(3892, 4785)
(3893, 6416)
(3894, 7381)
(3896, 6108)
(3897, 7468)
(3897, 4888)
(3899, 5324)
(3900, 7595)
(3900, 4319)
(3900, 4452)
(3900, 6955)
(3901, 6062)
(3902, 4124)
(3903, 6817)
(3904, 4785)
(3904, 4943)
(3905, 7098)
(3905, 4465)
(3906, 4933)
(3912, 7266)
(3912, 6313)
(3912, 5159)
(3913, 4795)
(3915, 4985)
(3915, 7164)
(3916, 4132)
(3917, 4737)
(3919, 5817)
(3920, 6233)
(3920, 6942)
(3920, 7410)
(3920, 5491)
(3920, 4984)
(3922, 3984)
(3923, 5370)
(3923, 3948)
(3926, 4065)
(3926, 4356)
(3928, 4983)
(3928, 7542)
(3929, 6325)
(3930, 7597)
(3931, 6899)
(3931, 4007)
(3933, 6328)
(3936, 5858)
(3938, 4549)
(3941, 6365)
(3942, 6165)
(3942, 4183)
(3944, 5232)
(3948, 4108)
(3948, 4945)
(3948, 4528)
(3948, 5096)
(3948, 7293)
(3951, 7333)
(3952, 7339)
(3953, 4642)
(3953, 4329)
(3954, 6725)
(3957, 6692)
(3957, 7032)
(3957, 3999)
(3959, 6685)
(3962, 7080)
(3963, 5851)
(3964, 7192)
(3966, 7432)
(3967, 5017)
(3967, 7522)
(3968, 6543)
(3969, 4558)
(3970, 5360)
(3970, 6886)
(3971, 4988)
(3971, 7406)
(3972, 4531)
(3973, 6232)
(3974, 6146)
(3976, 5465)
(3977, 5125)
(3978, 6101)
(3979, 3983)
(3979, 4863)
(3980, 4572)
(3980, 7092)
(3981, 5607)
(3982, 7058)
(3983, 7351)
(3986, 4309)
(3986, 7508)
(3989, 4681)
(3990, 7224)
(3991, 5601)
(3991, 6853)
(3991, 5665)
(3991, 6657)
(3993, 4555)
(3994, 5997)
(3995, 5308)
(3995, 4994)
(3996, 7237)
(3997, 4000)
(4000, 4763)
(4000, 5510)
(4000, 6445)
(4000, 6519)
(4000, 4403)
(4000, 6759)
(4000, 5484)
(4001, 4356)
(4003, 6017)
(4003, 5079)
(4004, 4868)
(4006, 4224)
(4009, 6350)
(4009, 5142)
(4010, 6085)
(4012, 5393)
(4013, 6146)
(4013, 6891)
(4013, 5367)
(4015, 5377)
(4017, 7203)
(4018, 5713)
(4019, 5508)
(4019, 5764)
(4019, 6626)
(4019, 6811)
(4021, 4500)
(4023, 4579)
(4023, 4662)
(4023, 4907)
(4023, 5429)
(4023, 7098)
(4025, 5873)
(4025, 7579)
(4032, 4691)
(4033, 5259)
(4033, 4300)
(4033, 5134)
(4033, 7163)
(4033, 7513)
(4033, 6235)
(4033, 7009)
(4033, 5254)
(4033, 5371)
(4034, 6490)
(4035, 6514)
(4035, 6477)
(4038, 7090)
(4038, 5695)
(4039, 5509)
(4039, 5199)
(4039, 7396)
(4039, 5802)
(4039, 4843)
(4039, 4979)
(4039, 6644)
(4042, 5638)
(4043, 6519)
(4044, 5413)
(4046, 6002)
(4047, 5914)
(4048, 4470)
(4050, 7062)
(4053, 5842)
(4056, 5817)
(4056, 7237)
(4057, 6909)
(4057, 7079)
(4058, 4721)
(4059, 6514)
(4061, 4785)
(4061, 4815)
(4069, 7541)
(4070, 6194)
(4070, 6021)
(4070, 5691)
(4070, 5983)
(4071, 7512)
(4071, 5267)
(4073, 5111)
(4074, 5127)
(4075, 4515)
(4076, 5167)
(4078, 5456)
(4078, 7359)
(4082, 4455)
(4082, 6191)
(4083, 6236)
(4084, 5012)
(4086, 4809)
(4086, 6032)
(4088, 5925)
(4088, 4833)
(4090, 4680)
(4092, 5536)
(4093, 5620)
(4093, 4342)
(4093, 5545)
(4095, 5543)
(4096, 4426)
(4097, 4595)
(4098, 5657)
(4099, 4225)
(4099, 6399)
(4102, 4593)
(4106, 5696)
(4106, 5127)
(4106, 7488)
(4108, 5380)
(4109, 4936)
(4109, 4329)
(4113, 5674)
(4114, 5079)
(4115, 5454)
(4117, 4593)
(4118, 4967)
(4119, 6094)
(4119, 4862)
(4119, 4309)
(4120, 4335)
(4121, 5158)
(4121, 4785)
(4121, 5746)
(4121, 5272)
(4122, 5901)
(4123, 5411)
(4123, 4504)
(4123, 4515)
(4124, 6339)
(4125, 5678)
(4127, 5112)
(4127, 6842)
(4129, 7339)
(4130, 7028)
(4130, 6190)
(4131, 6446)
(4131, 4710)
(4133, 5618)
(4135, 6250)
(4136, 6118)
(4137, 6738)
(4140, 4811)
(4141, 6101)
(4142, 6495)
(4143, 5880)
(4143, 7615)
(4145, 7370)
(4146, 6721)
(4147, 6976)
(4149, 5386)
(4150, 5274)
(4152, 7458)
(4153, 6980)
(4154, 4173)
(4155, 4252)
(4155, 6365)
(4157, 5127)
(4158, 4864)
(4158, 5410)
(4159, 4336)
(4159, 6005)
(4161, 5370)
(4162, 6311)
(4163, 7610)
(4163, 7488)
(4164, 5472)
(4164, 7468)
(4165, 6659)
(4165, 5316)
(4165, 5454)
(4167, 4476)
(4167, 7291)
(4171, 5978)
(4174, 5970)
(4176, 6520)
(4176, 7545)
(4176, 4779)
(4180, 7043)
(4180, 4230)
(4180, 6217)
(4180, 6958)
(4183, 4284)
(4184, 7355)
(4186, 4360)
(4187, 7050)
(4188, 7224)
(4192, 5369)
(4194, 6350)
(4196, 4286)
(4197, 6092)
(4198, 5062)
(4198, 4520)
(4199, 7583)
(4200, 4785)
(4202, 6666)
(4203, 5009)
(4204, 4607)
(4206, 5862)
(4206, 6054)
(4207, 5578)
(4209, 4318)
(4210, 5970)
(4210, 7173)
(4211, 6921)
(4211, 4880)
(4212, 7057)
(4214, 7338)
(4215, 4811)
(4221, 6372)
(4221, 7455)
(4222, 4811)
(4223, 4882)
(4226, 6927)
(4229, 6784)
(4229, 5661)
(4230, 6725)
(4234, 5274)
(4235, 4256)
(4235, 6887)
(4237, 4359)
(4239, 7237)
(4242, 4809)
(4243, 4704)
(4243, 7040)
(4245, 4469)
(4248, 6763)
(4248, 6501)
(4248, 7210)
(4248, 4654)
(4251, 7243)
(4253, 4710)
(4254, 7049)
(4255, 6864)
(4255, 4877)
(4256, 6890)
(4256, 6475)
(4257, 4821)
(4257, 5595)
(4257, 5286)
(4259, 5442)
(4259, 4552)
(4259, 5643)
(4259, 5391)
(4260, 6564)
(4260, 5131)
(4260, 5887)
(4261, 5646)
(4264, 7135)
(4265, 6483)
(4266, 4375)
(4266, 5295)
(4268, 6254)
(4269, 4636)
(4273, 6309)
(4277, 6689)
(4278, 7604)
(4279, 5338)
(4280, 5616)
(4283, 5011)
(4284, 4768)
(4284, 5649)
(4284, 4526)
(4285, 6859)
(4287, 4338)
(4288, 6182)
(4289, 7587)
(4289, 6778)
(4290, 5817)
(4292, 6034)
(4294, 4811)
(4295, 4880)
(4295, 4426)
(4296, 6108)
(4296, 6519)
(4296, 5401)
(4297, 5129)
(4298, 7618)
(4298, 5794)
(4299, 5917)
(4301, 6241)
(4302, 6873)
(4304, 4324)
(4308, 4594)
(4309, 7108)
(4309, 4507)
(4310, 6769)
(4311, 4611)
(4313, 5006)
(4315, 4784)
(4316, 6920)
(4317, 5503)
(4318, 4447)
(4318, 6911)
(4319, 4323)
(4321, 7236)
(4321, 7300)
(4321, 7129)
(4323, 6943)
(4324, 7232)
(4327, 5810)
(4327, 6078)
(4328, 5745)
(4328, 6392)
(4330, 5500)
(4332, 4982)
(4335, 5703)
(4335, 7075)
(4335, 5959)
(4338, 5281)
(4338, 6212)
(4338, 4823)
(4338, 4831)
(4338, 7545)
(4340, 4561)
(4341, 5516)
(4341, 5305)
(4341, 7163)
(4341, 4764)
(4341, 4541)
(4343, 7200)
(4343, 5767)
(4344, 6088)
(4345, 6676)
(4348, 5263)
(4348, 6160)
(4349, 6016)
(4350, 6115)
(4350, 4549)
(4351, 6496)
(4353, 7107)
(4355, 5095)
(4355, 4947)
(4356, 7426)
(4356, 5400)
(4356, 5039)
(4356, 4401)
(4356, 4924)
(4356, 6264)
(4356, 7155)
(4356, 5366)
(4357, 7032)
(4357, 5604)
(4357, 7029)
(4357, 6011)
(4359, 6407)
(4359, 6412)
(4359, 6735)
(4359, 6240)
(4359, 5736)
(4360, 6553)
(4363, 4811)
(4364, 5198)
(4364, 5126)
(4364, 5287)
(4364, 5547)
(4365, 4575)
(4366, 7116)
(4368, 6564)
(4372, 6111)
(4373, 6361)
(4374, 7255)
(4376, 7553)
(4376, 4840)
(4376, 5359)
(4378, 5635)
(4381, 5875)
(4381, 5132)
(4384, 6109)
(4385, 7251)
(4387, 7400)
(4387, 4650)
(4389, 5756)
(4393, 5526)
(4393, 6742)
(4393, 6762)
(4393, 7544)
(4395, 7024)
(4395, 4972)
(4396, 7454)
(4400, 4785)
(4402, 6536)
(4404, 6376)
(4408, 6516)
(4409, 6198)
(4411, 6022)
(4412, 5523)
(4413, 5885)
(4414, 4423)
(4414, 6499)
(4414, 6835)
(4415, 6272)
(4416, 6369)
(4418, 7141)
(4420, 6745)
(4427, 6160)
(4427, 5856)
(4428, 4937)
(4429, 5461)
(4430, 7450)
(4431, 7604)
(4432, 6517)
(4432, 4601)
(4435, 5414)
(4436, 5517)
(4436, 4735)
(4437, 6892)
(4438, 7256)
(4438, 4701)
(4439, 5414)
(4440, 7339)
(4441, 7567)
(4443, 7122)
(4444, 6295)
(4447, 5764)
(4449, 6906)
(4450, 7178)
(4451, 5454)
(4451, 6207)
(4452, 4709)
(4452, 5098)
(4452, 5743)
(4452, 6648)
(4453, 5044)
(4454, 7282)
(4455, 4756)
(4455, 7406)
(4458, 4711)
(4462, 7523)
(4463, 6384)
(4466, 5632)
(4467, 6583)
(4469, 4708)
(4469, 5817)
(4470, 5490)
(4470, 5754)
(4473, 5331)
(4478, 4636)
(4479, 7218)
(4480, 5629)
(4480, 5466)
(4487, 6912)
(4488, 6365)
(4489, 4947)
(4492, 5443)
(4495, 6348)
(4502, 7401)
(4502, 5948)
(4503, 6067)
(4503, 6151)
(4506, 7356)
(4507, 6077)
(4509, 7199)
(4510, 5986)
(4511, 7402)
(4511, 6427)
(4513, 5223)
(4518, 7136)
(4518, 6564)
(4523, 7302)
(4524, 6039)
(4525, 5417)
(4525, 6094)
(4527, 5067)
(4527, 5593)
(4527, 5159)
(4529, 4811)
(4530, 6709)
(4531, 5898)
(4535, 6478)
(4537, 6752)
(4540, 7532)
(4543, 6022)
(4543, 6041)
(4544, 6155)
(4544, 6476)
(4544, 6545)
(4545, 7525)
(4546, 6194)
(4547, 7605)
(4548, 6641)
(4550, 6883)
(4550, 5334)
(4550, 6445)
(4551, 6621)
(4553, 4941)
(4553, 6310)
(4554, 7563)
(4555, 6235)
(4555, 5352)
(4555, 6190)
(4556, 5679)
(4559, 5265)
(4560, 5221)
(4560, 7089)
(4560, 4912)
(4560, 7576)
(4561, 4928)
(4561, 5606)
(4561, 7608)
(4562, 7415)
(4563, 6452)
(4564, 5437)
(4566, 6981)
(4568, 4704)
(4570, 7095)
(4570, 5757)
(4570, 4589)
(4571, 5600)
(4572, 4973)
(4573, 6897)
(4575, 6683)
(4578, 6912)
(4579, 6247)
(4579, 6765)
(4583, 4842)
(4585, 5461)
(4590, 5120)
(4593, 5829)
(4593, 5297)
(4593, 6568)
(4595, 7077)
(4595, 5578)
(4595, 6908)
(4596, 4728)
(4597, 5753)
(4598, 6409)
(4600, 6836)
(4601, 6304)
(4603, 6887)
(4604, 5493)
(4604, 5525)
(4606, 4904)
(4606, 7059)
(4607, 4785)
(4607, 7090)
(4607, 5748)
(4608, 7025)
(4608, 7224)
(4609, 4800)
(4611, 6239)
(4612, 6500)
(4613, 6468)
(4613, 7228)
(4615, 5984)
(4616, 5989)
(4617, 7415)
(4617, 7112)
(4621, 5980)
(4622, 6614)
(4622, 5526)
(4623, 5803)
(4623, 5047)
(4623, 4796)
(4624, 6199)
(4625, 6817)
(4625, 6741)
(4629, 7517)
(4632, 5656)
(4632, 6330)
(4632, 4925)
(4635, 7115)
(4636, 6268)
(4637, 5046)
(4637, 5353)
(4638, 6369)
(4639, 6220)
(4640, 5584)
(4640, 5879)
(4641, 4811)
(4643, 7383)
(4646, 7410)
(4651, 6358)
(4651, 5935)
(4656, 6617)
(4656, 6307)
(4656, 5061)
(4660, 7352)
(4660, 5752)
(4661, 5859)
(4662, 7467)
(4662, 6893)
(4666, 4931)
(4666, 6455)
(4667, 5115)
(4670, 7188)
(4671, 6228)
(4671, 5781)
(4671, 5075)
(4671, 6009)
(4672, 7316)
(4673, 6844)
(4674, 5664)
(4675, 6370)
(4676, 5843)
(4676, 6967)
(4676, 7294)
(4678, 6673)
(4679, 6677)
(4686, 4908)
(4688, 4719)
(4691, 6511)
(4692, 5404)
(4692, 7580)
(4694, 5813)
(4703, 6279)
(4704, 5036)
(4704, 5876)
(4705, 7318)
(4705, 7439)
(4705, 7348)
(4705, 5787)
(4705, 6021)
(4719, 6325)
(4719, 7157)
(4720, 7489)
(4722, 4811)
(4725, 7486)
(4725, 6885)
(4725, 5706)
(4726, 7238)
(4727, 4985)
(4728, 6073)
(4728, 6812)
(4729, 6241)
(4729, 6481)
(4730, 6481)
(4731, 5641)
(4732, 5388)
(4733, 5386)
(4733, 6570)
(4734, 6878)
(4735, 5441)
(4735, 5701)
(4735, 6896)
(4735, 6258)
(4736, 6509)
(4738, 7204)
(4739, 4785)
(4741, 5274)
(4742, 6399)
(4743, 5725)
(4745, 4762)
(4753, 7111)
(4755, 5277)
(4758, 6490)
(4760, 7322)
(4760, 7557)
(4769, 4785)
(4771, 5534)
(4771, 5550)
(4773, 5845)
(4775, 6562)
(4776, 4975)
(4777, 5677)
(4778, 7403)
(4780, 6983)
(4780, 7452)
(4782, 6054)
(4782, 7087)
(4785, 6871)
(4785, 6711)
(4785, 6713)
(4785, 5709)
(4785, 7271)
(4785, 4971)
(4785, 6280)
(4785, 6801)
(4785, 5310)
(4785, 5313)
(4785, 5357)
(4785, 5419)
(4785, 6923)
(4785, 5903)
(4785, 5905)
(4785, 7451)
(4785, 6945)
(4785, 7514)
(4785, 6494)
(4785, 7011)
(4785, 6832)
(4785, 4997)
(4785, 5011)
(4785, 7114)
(4786, 7485)
(4787, 6432)
(4787, 5213)
(4788, 5776)
(4788, 6962)
(4789, 6977)
(4790, 4944)
(4790, 7445)
(4791, 7126)
(4792, 4795)
(4792, 7237)
(4792, 6876)
(4793, 6972)
(4793, 7100)
(4797, 6666)
(4802, 5207)
(4804, 7339)
(4808, 6494)
(4810, 5240)
(4811, 4867)
(4811, 6257)
(4811, 7446)
(4811, 5406)
(4811, 6189)
(4811, 5422)
(4811, 6966)
(4811, 5175)
(4811, 6203)
(4811, 7241)
(4811, 6478)
(4811, 6493)
(4811, 6368)
(4811, 5740)
(4811, 6526)
(4811, 5504)
(4811, 5782)
(4811, 5914)
(4811, 7197)
(4811, 7603)
(4811, 5558)
(4811, 6588)
(4811, 6594)
(4811, 6596)
(4811, 6177)
(4811, 7378)
(4811, 4892)
(4811, 5868)
(4811, 5619)
(4812, 6467)
(4814, 7074)
(4814, 5955)
(4816, 4881)
(4817, 7359)
(4818, 7595)
(4818, 6181)
(4819, 7616)
(4819, 7390)
(4822, 7456)
(4824, 5808)
(4824, 7049)
(4825, 4951)
(4825, 5256)
(4827, 5992)
(4827, 7162)
(4829, 5755)
(4830, 6361)
(4838, 5539)
(4839, 6777)
(4840, 5806)
(4849, 6464)
(4849, 6367)
(4851, 7517)
(4852, 7492)
(4853, 6442)
(4854, 7237)
(4857, 4876)
(4858, 7154)
(4859, 5445)
(4861, 7330)
(4863, 6393)
(4863, 5967)
(4864, 5275)
(4866, 7518)
(4869, 6565)
(4870, 6527)
(4873, 6228)
(4876, 6278)
(4876, 7497)
(4879, 6772)
(4879, 6907)
(4880, 5245)
(4881, 5454)
(4882, 7013)
(4882, 6446)
(4884, 5461)
(4885, 6006)
(4885, 5127)
(4886, 6864)
(4886, 4996)
(4886, 5623)
(4886, 5103)
(4887, 6637)
(4888, 6731)
(4888, 6598)
(4888, 5130)
(4888, 6308)
(4889, 5637)
(4890, 6292)
(4896, 4922)
(4897, 6282)
(4900, 5238)
(4900, 5269)
(4900, 7575)
(4900, 6849)
(4905, 5690)
(4905, 7502)
(4908, 5114)
(4909, 6016)
(4910, 5111)
(4910, 6023)
(4911, 5465)
(4911, 6569)
(4914, 7325)
(4917, 6457)
(4918, 6728)
(4918, 5362)
(4919, 6910)
(4920, 5294)
(4921, 6534)
(4925, 5100)
(4925, 5048)
(4926, 5733)
(4928, 7224)
(4929, 7515)
(4930, 7482)
(4933, 5981)
(4935, 7174)
(4935, 5479)
(4938, 7570)
(4938, 5094)
(4938, 6135)
(4940, 5447)
(4941, 6868)
(4941, 4956)
(4941, 6634)
(4941, 6793)
(4942, 7074)
(4944, 5299)
(4946, 5687)
(4946, 6010)
(4947, 6773)
(4949, 6946)
(4952, 6383)
(4955, 5013)
(4957, 5586)
(4957, 6617)
(4957, 7386)
(4957, 6336)
(4958, 7205)
(4960, 5570)
(4960, 7026)
(4961, 5526)
(4961, 7498)
(4962, 5016)
(4963, 5680)
(4963, 6740)
(4967, 5317)
(4968, 7002)
(4968, 7435)
(4970, 5454)
(4974, 7587)
(4978, 6802)
(4978, 6220)
(4979, 7203)
(4979, 6975)
(4980, 7237)
(4986, 6702)
(4986, 7613)
(4987, 7608)
(4989, 5663)
(4990, 5510)
(4990, 6682)
(4993, 5068)
(4994, 6288)
(4994, 6062)
(4995, 5737)
(5002, 5485)
(5007, 6436)
(5007, 7030)
(5007, 7418)
(5007, 5127)
(5008, 6769)
(5009, 7353)
(5011, 6879)
(5014, 5065)
(5014, 5370)
(5018, 7178)
(5018, 6022)
(5020, 6979)
(5021, 5746)
(5022, 6132)
(5022, 6021)
(5024, 6361)
(5027, 5463)
(5028, 7482)
(5031, 5791)
(5032, 5127)
(5035, 6091)
(5038, 6912)
(5038, 5479)
(5040, 7558)
(5041, 5107)
(5047, 7406)
(5047, 6374)
(5048, 7209)
(5052, 5287)
(5054, 7537)
(5056, 5933)
(5057, 5619)
(5058, 6508)
(5058, 5999)
(5059, 5955)
(5060, 5715)
(5060, 5978)
(5060, 6198)
(5061, 5280)
(5061, 5481)
(5063, 7012)
(5065, 6346)
(5070, 5885)
(5071, 5854)
(5073, 5720)
(5074, 7162)
(5076, 6506)
(5076, 6874)
(5080, 6424)
(5083, 6209)
(5084, 6861)
(5086, 7405)
(5087, 5909)
(5089, 5764)
(5090, 5530)
(5090, 6697)
(5090, 7118)
(5091, 6803)
(5092, 6135)
(5095, 6110)
(5095, 7231)
(5098, 6274)
(5099, 6459)
(5099, 5343)
(5103, 6970)
(5104, 6487)
(5106, 6416)
(5109, 7233)
(5110, 7141)
(5111, 6750)
(5111, 6265)
(5113, 5447)
(5116, 5117)
(5117, 7566)
(5119, 7135)
(5120, 7389)
(5122, 5698)
(5126, 7412)
(5127, 6169)
(5127, 6951)
(5127, 5687)
(5127, 6463)
(5127, 5469)
(5127, 5216)
(5127, 5991)
(5127, 7400)
(5127, 6774)
(5127, 6064)
(5127, 6136)
(5127, 5919)
(5128, 5512)
(5128, 5394)
(5128, 6935)
(5128, 6617)
(5128, 5646)
(5136, 6477)
(5137, 6954)
(5137, 7447)
(5139, 6786)
(5139, 6934)
(5139, 7103)
(5140, 7199)
(5141, 6997)
(5143, 6688)
(5144, 5663)
(5145, 5174)
(5148, 5390)
(5153, 7415)
(5155, 5197)
(5156, 6408)
(5157, 5304)
(5159, 7151)
(5159, 5343)
(5167, 6572)
(5169, 5454)
(5174, 7371)
(5174, 7001)
(5176, 6912)
(5176, 6680)
(5178, 6510)
(5182, 7162)
(5183, 7470)
(5184, 6502)
(5185, 5260)
(5187, 6644)
(5192, 6776)
(5192, 6101)
(5193, 6382)
(5194, 5625)
(5196, 5450)
(5197, 5711)
(5201, 5595)
(5201, 5835)
(5204, 5425)
(5205, 5534)
(5206, 6726)
(5212, 5985)
(5214, 6865)
(5216, 6213)
(5217, 7423)
(5220, 6514)
(5222, 5519)
(5222, 5854)
(5223, 6472)
(5223, 7157)
(5228, 6173)
(5231, 5578)
(5231, 5951)
(5232, 6060)
(5237, 6101)
(5242, 5658)
(5245, 5588)
(5246, 6241)
(5247, 7350)
(5250, 7100)
(5252, 6391)
(5255, 7378)
(5256, 6242)
(5258, 6537)
(5260, 6453)
(5261, 7310)
(5267, 5723)
(5267, 7060)
(5268, 6451)
(5268, 6008)
(5270, 6120)
(5271, 5854)
(5273, 6258)
(5274, 6749)
(5274, 5864)
(5277, 6299)
(5279, 6296)
(5281, 7264)
(5282, 6361)
(5285, 7018)
(5287, 6241)
(5287, 6668)
(5288, 7057)
(5290, 6045)
(5290, 5894)
(5291, 5428)
(5296, 6803)
(5296, 6653)
(5300, 7001)
(5301, 6466)
(5303, 6283)
(5303, 7340)
(5303, 7549)
(5306, 6463)
(5307, 6072)
(5308, 5783)
(5308, 5455)
(5308, 5397)
(5309, 5539)
(5314, 6148)
(5314, 6991)
(5318, 6348)
(5321, 6275)
(5322, 7600)
(5324, 7162)
(5330, 5610)
(5332, 7284)
(5333, 7104)
(5335, 6277)
(5335, 7479)
(5336, 7339)
(5337, 7170)
(5339, 7089)
(5340, 6578)
(5341, 6350)
(5343, 7302)
(5343, 5896)
(5343, 6621)
(5343, 5551)
(5345, 7104)
(5349, 6341)
(5350, 5543)
(5355, 7540)
(5356, 6709)
(5358, 5653)
(5365, 5408)
(5365, 7577)
(5368, 6256)
(5369, 6917)
(5370, 6065)
(5370, 7347)
(5370, 6456)
(5370, 6607)
(5370, 5461)
(5371, 5375)
(5372, 7365)
(5372, 7101)
(5374, 5640)
(5376, 5578)
(5377, 7104)
(5378, 7489)
(5382, 6176)
(5386, 7022)
(5390, 7024)
(5394, 7622)
(5399, 5703)
(5402, 5866)
(5406, 6286)
(5407, 7580)
(5412, 5747)
(5412, 6789)
(5414, 6958)
(5414, 6287)
(5415, 6252)
(5417, 7599)
(5421, 7421)
(5424, 6884)
(5425, 6044)
(5426, 5984)
(5426, 6954)
(5428, 6280)
(5429, 5699)
(5430, 6566)
(5430, 7067)
(5431, 6912)
(5433, 5978)
(5439, 6363)
(5443, 6663)
(5443, 5972)
(5443, 5466)
(5443, 7223)
(5443, 5561)
(5445, 6016)
(5446, 6593)
(5446, 7352)
(5446, 7162)
(5452, 6425)
(5454, 5890)
(5454, 7558)
(5454, 6082)
(5454, 7394)
(5454, 7395)
(5454, 6244)
(5454, 6782)
(5454, 6441)
(5455, 6424)
(5455, 5828)
(5455, 6367)
(5455, 5600)
(5455, 6497)
(5459, 6888)
(5460, 7565)
(5461, 7285)
(5465, 6632)
(5472, 7222)
(5476, 6428)
(5476, 5727)
(5477, 5534)
(5478, 7051)
(5481, 6422)
(5482, 7346)
(5482, 6446)
(5483, 6211)
(5486, 6995)
(5491, 5924)
(5498, 7148)
(5499, 5538)
(5499, 6324)
(5502, 5653)
(5506, 7032)
(5510, 6785)
(5510, 7123)
(5511, 7026)
(5514, 6101)
(5514, 7357)
(5515, 5894)
(5522, 7465)
(5527, 5682)
(5529, 6160)
(5529, 5878)
(5529, 7128)
(5531, 7292)
(5533, 5658)
(5534, 5555)
(5534, 6856)
(5534, 6620)
(5535, 6368)
(5536, 7152)
(5536, 6389)
(5537, 6891)
(5538, 6577)
(5542, 5921)
(5543, 7488)
(5543, 7500)
(5543, 5726)
(5546, 6741)
(5552, 6069)
(5553, 7288)
(5553, 6101)
(5556, 7391)
(5557, 6370)
(5557, 5868)
(5557, 7120)
(5560, 5720)
(5561, 6886)
(5565, 6408)
(5568, 7042)
(5569, 7488)
(5569, 7093)
(5573, 6330)
(5576, 5687)
(5578, 7126)
(5578, 5906)
(5578, 5658)
(5578, 5711)
(5578, 7522)
(5578, 6971)
(5578, 6802)
(5580, 6668)
(5580, 7502)
(5590, 5960)
(5592, 5942)
(5593, 5905)
(5593, 6803)
(5597, 6089)
(5597, 6605)
(5602, 7225)
(5603, 6101)
(5603, 5989)
(5604, 7566)
(5608, 6341)
(5610, 6172)
(5610, 5662)
(5610, 7109)
(5612, 6875)
(5613, 6671)
(5621, 6101)
(5622, 6288)
(5626, 6370)
(5627, 6524)
(5633, 6125)
(5637, 5682)
(5643, 6743)
(5644, 7547)
(5645, 7553)
(5646, 6855)
(5647, 6652)
(5647, 7149)
(5648, 7298)
(5650, 6013)
(5660, 5842)
(5664, 7472)
(5665, 7021)
(5667, 7233)
(5671, 7132)
(5680, 5863)
(5680, 6856)
(5680, 7278)
(5680, 6230)
(5682, 7110)
(5683, 6290)
(5683, 7033)
(5692, 7100)
(5693, 6338)
(5697, 6127)
(5700, 5913)
(5701, 7577)
(5704, 6684)
(5711, 6425)
(5713, 6607)
(5714, 6461)
(5714, 6622)
(5717, 6789)
(5718, 5855)
(5719, 6449)
(5724, 6418)
(5732, 6298)
(5734, 6046)
(5738, 7017)
(5739, 5927)
(5741, 7034)
(5746, 6125)
(5753, 5973)
(5758, 7088)
(5759, 6583)
(5760, 7549)
(5763, 6493)
(5764, 5851)
(5764, 6768)
(5766, 7432)
(5769, 6841)
(5772, 7028)
(5773, 6241)
(5774, 6912)
(5777, 7580)
(5778, 7592)
(5784, 6974)
(5786, 7021)
(5787, 6922)
(5793, 7463)
(5793, 7409)
(5793, 5945)
(5793, 7007)
(5795, 7082)
(5802, 6143)
(5803, 6961)
(5807, 6784)
(5809, 7555)
(5811, 7224)
(5811, 7290)
(5816, 7248)
(5817, 7269)
(5822, 6219)
(5823, 6418)
(5826, 7484)
(5832, 6196)
(5832, 6357)
(5836, 6272)
(5838, 7542)
(5840, 6274)
(5841, 7172)
(5844, 7351)
(5844, 7308)
(5848, 6047)
(5854, 6168)
(5854, 7202)
(5854, 7466)
(5854, 6130)
(5857, 6546)
(5857, 7452)
(5857, 6565)
(5857, 6076)
(5861, 6519)
(5862, 6999)
(5865, 6443)
(5870, 6539)
(5874, 6658)
(5874, 6642)
(5876, 6187)
(5876, 7028)
(5877, 7301)
(5883, 6648)
(5886, 6179)
(5893, 7239)
(5900, 6880)
(5900, 7381)
(5900, 6319)
(5902, 6642)
(5902, 7307)
(5907, 5952)
(5908, 6339)
(5909, 7027)
(5909, 7350)
(5922, 6137)
(5922, 7534)
(5923, 7188)
(5932, 6672)
(5933, 7172)
(5935, 6724)
(5936, 6426)
(5944, 7091)
(5944, 6639)
(5947, 6428)
(5956, 7201)
(5956, 6566)
(5958, 7199)
(5962, 6916)
(5963, 6597)
(5963, 6081)
(5968, 6941)
(5971, 6212)
(5976, 7272)
(5978, 7055)
(5982, 6960)
(5986, 6580)
(5987, 6408)
(5988, 6152)
(5988, 6161)
(5990, 7237)
(5994, 7526)
(5995, 7162)
(6000, 7579)
(6007, 6707)
(6011, 6435)
(6012, 7158)
(6020, 7402)
(6023, 6296)
(6023, 6519)
(6024, 6508)
(6033, 7205)
(6036, 6142)
(6037, 6381)
(6040, 7579)
(6040, 6550)
(6041, 6294)
(6051, 7270)
(6054, 7526)
(6054, 7595)
(6055, 6524)
(6056, 6544)
(6063, 7487)
(6071, 6690)
(6074, 7476)
(6076, 6184)
(6079, 7618)
(6086, 6785)
(6092, 7144)
(6095, 7304)
(6099, 6946)
(6101, 6850)
(6101, 7481)
(6101, 7062)
(6101, 7100)
(6101, 7105)
(6101, 7399)
(6105, 7548)
(6110, 6434)
(6111, 7225)
(6115, 7085)
(6116, 7071)
(6117, 6641)
(6118, 7618)
(6118, 7400)
(6127, 6241)
(6128, 6160)
(6134, 6609)
(6144, 7472)
(6146, 7621)
(6150, 7335)
(6156, 6369)
(6160, 7150)
(6160, 7286)
(6160, 6937)
(6164, 7303)
(6176, 7327)
(6178, 7583)
(6180, 7279)
(6182, 6296)
(6186, 7306)
(6190, 7086)
(6190, 6259)
(6201, 6623)
(6207, 6687)
(6207, 6458)
(6210, 6854)
(6211, 6335)
(6225, 6393)
(6226, 6258)
(6227, 6407)
(6227, 6535)
(6229, 6441)
(6234, 7409)
(6234, 6751)
(6236, 6607)
(6236, 6642)
(6237, 7003)
(6238, 6242)
(6238, 7100)
(6241, 7432)
(6241, 7387)
(6241, 7351)
(6245, 7602)
(6248, 6478)
(6250, 6939)
(6252, 6669)
(6252, 7170)
(6256, 7291)
(6256, 6612)
(6262, 7313)
(6263, 6532)
(6267, 6744)
(6271, 6916)
(6272, 7265)
(6272, 6340)
(6275, 6784)
(6275, 6341)
(6276, 6539)
(6281, 7510)
(6281, 7486)
(6283, 7000)
(6296, 6391)
(6300, 7369)
(6301, 7237)
(6302, 6719)
(6312, 7194)
(6315, 6561)
(6316, 6432)
(6317, 7435)
(6317, 6703)
(6319, 6874)
(6320, 7424)
(6320, 7411)
(6321, 7536)
(6323, 7068)
(6323, 6586)
(6323, 6672)
(6330, 6482)
(6337, 7366)
(6338, 7099)
(6339, 6926)
(6339, 7088)
(6345, 6848)
(6348, 7579)
(6352, 7581)
(6353, 6460)
(6356, 6633)
(6359, 7456)
(6361, 6667)
(6361, 7247)
(6361, 7284)
(6361, 7414)
(6365, 6982)
(6366, 6460)
(6367, 7384)
(6369, 6553)
(6369, 7226)
(6371, 7329)
(6371, 7513)
(6380, 7059)
(6381, 6403)
(6383, 7297)
(6386, 6685)
(6387, 7091)
(6391, 6525)
(6393, 7180)
(6401, 7311)
(6408, 6458)
(6408, 6637)
(6409, 6618)
(6413, 6913)
(6419, 6755)
(6421, 7205)
(6421, 6722)
(6421, 6547)
(6437, 6753)
(6442, 7533)
(6442, 6712)
(6448, 7580)
(6456, 6806)
(6459, 6492)
(6460, 6522)
(6463, 7214)
(6473, 6695)
(6475, 6606)
(6478, 6919)
(6481, 7483)
(6483, 7158)
(6485, 6927)
(6487, 6518)
(6487, 6519)
(6489, 6655)
(6490, 7520)
(6493, 7053)
(6493, 7597)
(6495, 6696)
(6495, 7213)
(6495, 7220)
(6495, 7519)
(6496, 7181)
(6505, 7587)
(6508, 7249)
(6509, 7173)
(6512, 6729)
(6513, 6937)
(6515, 7232)
(6518, 6992)
(6519, 7535)
(6519, 6860)
(6528, 6563)
(6528, 6651)
(6531, 6704)
(6538, 7054)
(6538, 7504)
(6556, 7513)
(6562, 6986)
(6564, 7561)
(6564, 7449)
(6564, 6761)
(6566, 7046)
(6566, 7016)
(6568, 6956)
(6573, 6892)
(6576, 7166)
(6577, 7228)
(6585, 7237)
(6595, 6904)
(6600, 6963)
(6607, 7511)
(6610, 7237)
(6618, 6950)
(6630, 7225)
(6633, 7436)
(6633, 7444)
(6633, 6707)
(6639, 6689)
(6641, 7330)
(6642, 7429)
(6642, 7375)
(6642, 6863)
(6642, 7590)
(6643, 6853)
(6649, 7558)
(6650, 7019)
(6652, 7287)
(6652, 7579)
(6666, 7484)
(6666, 7531)
(6668, 7617)
(6674, 6935)
(6686, 7593)
(6695, 6789)
(6695, 7547)
(6701, 7100)
(6703, 6825)
(6709, 7162)
(6712, 7560)
(6715, 7296)
(6717, 7256)
(6725, 7139)
(6736, 6909)
(6743, 7324)
(6746, 7478)
(6754, 6767)
(6757, 7334)
(6772, 7199)
(6772, 7001)
(6779, 7417)
(6790, 7600)
(6800, 7029)
(6805, 7011)
(6806, 7343)
(6815, 7382)
(6819, 7199)
(6823, 7296)
(6826, 6947)
(6834, 7213)
(6846, 7237)
(6846, 7433)
(6858, 7159)
(6859, 7530)
(6861, 6913)
(6869, 7067)
(6872, 6954)
(6874, 7593)
(6884, 6887)
(6887, 7393)
(6891, 7349)
(6893, 7124)
(6915, 7341)
(6930, 7134)
(6934, 7228)
(6936, 6965)
(6948, 7129)
(6960, 7524)
(6969, 7162)
(6974, 7140)
(6978, 7322)
(6981, 7211)
(6987, 7602)
(6996, 7119)
(7005, 7170)
(7013, 7609)
(7028, 7361)
(7056, 7196)
(7068, 7297)
(7100, 7234)
(7100, 7372)
(7102, 7141)
(7106, 7188)
(7143, 7568)
(7162, 7581)
(7178, 7422)
(7184, 7435)
(7188, 7445)
(7195, 7407)
(7217, 7415)
(7226, 7606)
(7237, 7353)
(7237, 7398)
(7237, 7305)
(7237, 7578)
(7265, 7594)
(7268, 7298)
(7276, 7381)
(7277, 7398)
(7292, 7316)
(7311, 7600)
(7364, 7586)
(7366, 7600)
(7403, 7522)
(7420, 7545)
(7488, 7564)
(7505, 7579)
